0.376 0.470 0.695 0.147 0.854 0.500 0.507 0.500 0.500
0.376 0.470 0.692 0.854 0.147 0.500 0.507 0.500 0.500
0.374 0.470 0.694 0.854 0.147 0.500 0.507 0.500 0.500
0.372 0.472 0.694 0.854 0.147 0.500 0.507 0.500 0.500
0.374 0.472 0.692 0.854 0.147 0.500 0.507 0.500 0.500
0.374 0.471 0.695 0.854 0.147 0.500 0.507 0.500 0.500
0.375 0.471 0.692 0.147 0.854 0.500 0.507 0.500 0.500
0.373 0.470 0.696 0.854 0.147 0.500 0.515 0.500 0.500
0.374 0.470 0.696 0.147 0.854 0.500 0.582 0.500 0.500
0.374 0.470 0.692 0.854 0.146 0.500 0.590 0.500 0.500
0.369 0.468 0.691 0.855 0.148 0.500 0.590 0.500 0.500
0.368 0.467 0.690 0.855 0.148 0.500 0.590 0.500 0.500
0.369 0.466 0.691 0.855 0.148 0.500 0.590 0.500 0.500
0.371 0.468 0.691 0.854 0.147 0.500 0.603 0.500 0.500
0.373 0.469 0.695 0.855 0.148 0.500 0.615 0.500 0.500
0.374 0.470 0.695 0.855 0.148 0.500 0.615 0.500 0.500
0.373 0.467 0.693 0.855 0.148 0.500 0.615 0.500 0.500
0.375 0.467 0.693 0.857 0.150 0.500 0.623 0.500 0.500
0.375 0.469 0.694 0.856 0.149 0.500 0.623 0.500 0.500
0.377 0.469 0.694 0.856 0.149 0.500 0.623 0.500 0.500
0.378 0.468 0.695 0.854 0.147 0.500 0.623 0.500 0.500
0.380 0.468 0.697 0.857 0.150 0.500 0.623 0.500 0.500
0.381 0.468 0.696 0.147 0.854 0.500 0.623 0.500 0.500
0.381 0.469 0.696 0.147 0.854 0.500 0.623 0.500 0.500
0.382 0.468 0.696 0.856 0.149 0.500 0.623 0.500 0.500
0.381 0.467 0.696 0.856 0.149 0.500 0.623 0.500 0.500
0.383 0.467 0.696 0.147 0.854 0.500 0.623 0.500 0.500
0.383 0.469 0.696 0.857 0.150 0.500 0.623 0.500 0.500
0.385 0.470 0.697 0.856 0.149 0.500 0.623 0.500 0.500
0.384 0.468 0.700 0.857 0.150 0.500 0.623 0.500 0.500
0.384 0.467 0.697 0.858 0.151 0.500 0.628 0.500 0.500
0.386 0.466 0.695 0.856 0.149 0.500 0.636 0.500 0.500
0.386 0.468 0.698 0.858 0.151 0.500 0.653 0.500 0.500
0.387 0.468 0.695 0.856 0.149 0.500 0.673 0.500 0.500
0.385 0.466 0.695 0.856 0.149 0.500 0.719 0.500 0.500
0.386 0.467 0.695 0.859 0.152 0.500 0.723 0.500 0.500
0.385 0.466 0.692 0.856 0.149 0.500 0.723 0.500 0.500
0.386 0.465 0.693 0.859 0.152 0.500 0.723 0.500 0.500
0.388 0.465 0.695 0.860 0.153 0.500 0.723 0.500 0.500
0.389 0.466 0.694 0.860 0.153 0.500 0.723 0.500 0.500
0.392 0.468 0.695 0.861 0.154 0.500 0.723 0.500 0.500
0.393 0.467 0.696 0.863 0.156 0.500 0.723 0.500 0.500
0.396 0.465 0.696 0.863 0.156 0.500 0.723 0.500 0.500
0.399 0.465 0.696 0.862 0.155 0.500 0.723 0.500 0.500
0.402 0.464 0.697 0.863 0.156 0.500 0.723 0.500 0.500
0.405 0.463 0.697 0.863 0.157 0.500 0.723 0.500 0.500
0.406 0.462 0.698 0.864 0.157 0.500 0.723 0.500 0.500
0.406 0.462 0.697 0.865 0.158 0.500 0.723 0.500 0.500
0.408 0.464 0.697 0.864 0.158 0.500 0.723 0.500 0.500
0.407 0.466 0.697 0.866 0.159 0.503 0.723 0.500 0.500
0.407 0.465 0.696 0.866 0.159 0.511 0.723 0.500 0.500
0.411 0.464 0.697 0.867 0.161 0.519 0.723 0.500 0.500
0.412 0.464 0.697 0.868 0.161 0.536 0.723 0.500 0.500
0.413 0.461 0.696 0.869 0.163 0.549 0.723 0.500 0.500
0.415 0.459 0.696 0.870 0.164 0.569 0.723 0.500 0.500
0.417 0.459 0.696 0.871 0.164 0.611 0.707 0.500 0.500
0.421 0.459 0.697 0.872 0.166 0.657 0.698 0.500 0.500
0.424 0.454 0.697 0.872 0.166 0.669 0.698 0.500 0.500
0.425 0.452 0.696 0.873 0.167 0.673 0.698 0.500 0.500
0.426 0.453 0.695 0.873 0.168 0.690 0.690 0.500 0.500
0.426 0.456 0.696 0.873 0.167 0.690 0.686 0.500 0.500
0.425 0.459 0.695 0.873 0.167 0.694 0.678 0.500 0.500
0.427 0.461 0.696 0.873 0.168 0.703 0.673 0.500 0.500
0.430 0.461 0.696 0.874 0.168 0.703 0.673 0.500 0.500
0.431 0.463 0.697 0.875 0.169 0.715 0.673 0.500 0.500
0.433 0.465 0.697 0.874 0.168 0.773 0.673 0.500 0.500
0.434 0.465 0.697 0.874 0.168 0.773 0.673 0.500 0.500
0.435 0.464 0.696 0.875 0.169 0.773 0.673 0.500 0.500
0.434 0.466 0.695 0.875 0.170 0.773 0.673 0.500 0.500
0.435 0.468 0.696 0.876 0.171 0.773 0.673 0.500 0.500
0.435 0.472 0.696 0.876 0.171 0.773 0.673 0.500 0.500
0.438 0.472 0.696 0.877 0.172 0.752 0.673 0.500 0.500
0.440 0.476 0.697 0.878 0.173 0.752 0.673 0.500 0.500
0.440 0.478 0.697 0.879 0.174 0.748 0.673 0.500 0.500
0.440 0.482 0.697 0.879 0.174 0.728 0.673 0.500 0.500
0.441 0.484 0.697 0.880 0.175 0.719 0.673 0.500 0.500
0.442 0.485 0.696 0.879 0.174 0.715 0.661 0.500 0.500
0.443 0.486 0.696 0.879 0.174 0.673 0.628 0.500 0.500
0.445 0.488 0.697 0.880 0.175 0.669 0.623 0.500 0.500
0.449 0.494 0.698 0.880 0.175 0.628 0.615 0.500 0.500
0.451 0.496 0.698 0.880 0.176 0.503 0.615 0.500 0.500
0.450 0.503 0.697 0.880 0.176 0.500 0.615 0.500 0.500
0.450 0.510 0.697 0.881 0.177 0.500 0.611 0.500 0.500
0.450 0.509 0.697 0.882 0.177 0.500 0.611 0.500 0.500
0.449 0.508 0.697 0.882 0.178 0.500 0.611 0.500 0.500
0.450 0.504 0.697 0.883 0.179 0.500 0.611 0.500 0.500
0.452 0.500 0.696 0.883 0.178 0.500 0.611 0.500 0.500
0.457 0.486 0.693 0.899 0.198 0.500 0.519 0.500 0.500
0.457 0.487 0.694 0.899 0.199 0.500 0.519 0.500 0.500
0.456 0.486 0.693 0.899 0.199 0.500 0.519 0.500 0.500
0.455 0.487 0.693 0.900 0.200 0.500 0.519 0.500 0.500
0.456 0.487 0.693 0.901 0.201 0.500 0.519 0.500 0.500
0.456 0.486 0.693 0.901 0.201 0.500 0.519 0.500 0.500
0.460 0.484 0.694 0.902 0.203 0.500 0.519 0.500 0.500
0.460 0.484 0.694 0.903 0.204 0.500 0.519 0.500 0.500
0.460 0.486 0.694 0.903 0.204 0.500 0.519 0.500 0.500
0.460 0.486 0.694 0.903 0.204 0.500 0.519 0.500 0.500
0.459 0.486 0.694 0.902 0.203 0.500 0.519 0.500 0.500
0.460 0.486 0.694 0.903 0.205 0.500 0.519 0.500 0.500
0.460 0.486 0.694 0.903 0.205 0.500 0.519 0.500 0.500
0.460 0.486 0.694 0.903 0.204 0.500 0.519 0.500 0.500
0.459 0.486 0.694 0.903 0.205 0.500 0.503 0.500 0.500
0.463 0.486 0.694 0.908 0.211 0.500 0.519 0.500 0.500
0.461 0.485 0.694 0.908 0.211 0.500 0.528 0.500 0.500
0.458 0.485 0.694 0.908 0.211 0.500 0.528 0.500 0.500
0.458 0.485 0.694 0.909 0.212 0.500 0.528 0.500 0.500
0.459 0.485 0.694 0.909 0.213 0.500 0.528 0.500 0.500
0.460 0.489 0.695 0.909 0.213 0.500 0.528 0.500 0.500
0.459 0.488 0.694 0.910 0.214 0.500 0.528 0.500 0.500
0.460 0.487 0.694 0.910 0.214 0.500 0.528 0.500 0.500
0.461 0.486 0.695 0.911 0.215 0.500 0.532 0.500 0.500
0.461 0.484 0.694 0.912 0.216 0.500 0.553 0.500 0.500
0.462 0.483 0.694 0.912 0.217 0.500 0.553 0.500 0.500
0.462 0.484 0.695 0.912 0.217 0.500 0.553 0.500 0.500
0.462 0.485 0.694 0.913 0.218 0.500 0.553 0.500 0.500
0.462 0.485 0.695 0.913 0.218 0.500 0.553 0.500 0.500
0.461 0.486 0.694 0.913 0.218 0.500 0.553 0.500 0.500
0.461 0.486 0.694 0.913 0.218 0.500 0.565 0.500 0.500
0.464 0.485 0.694 0.913 0.219 0.500 0.569 0.500 0.500
0.464 0.485 0.694 0.914 0.220 0.500 0.578 0.500 0.500
0.462 0.485 0.694 0.914 0.220 0.500 0.582 0.500 0.500
0.462 0.486 0.694 0.915 0.222 0.500 0.594 0.500 0.500
0.463 0.486 0.694 0.917 0.224 0.500 0.603 0.500 0.500
0.463 0.486 0.694 0.917 0.223 0.500 0.603 0.500 0.500
0.464 0.484 0.694 0.918 0.225 0.500 0.603 0.500 0.500
0.465 0.485 0.694 0.918 0.226 0.500 0.603 0.500 0.500
0.467 0.485 0.694 0.918 0.226 0.500 0.603 0.500 0.500
0.469 0.484 0.694 0.918 0.226 0.500 0.603 0.500 0.500
0.469 0.485 0.695 0.918 0.226 0.500 0.603 0.500 0.500
0.471 0.486 0.695 0.918 0.225 0.500 0.603 0.500 0.500
0.472 0.487 0.695 0.918 0.226 0.500 0.565 0.500 0.500
0.471 0.484 0.695 0.919 0.227 0.500 0.528 0.500 0.500
0.475 0.483 0.694 0.922 0.233 0.565 0.500 0.500 0.500
0.476 0.482 0.694 0.922 0.232 0.578 0.500 0.500 0.500
0.477 0.478 0.694 0.923 0.234 0.578 0.500 0.500 0.500
0.477 0.477 0.693 0.923 0.234 0.557 0.500 0.500 0.500
0.478 0.478 0.694 0.922 0.233 0.536 0.500 0.500 0.500
0.477 0.483 0.695 0.922 0.233 0.524 0.500 0.500 0.500
0.477 0.486 0.695 0.922 0.232 0.524 0.500 0.500 0.500
0.476 0.486 0.694 0.926 0.238 0.500 0.540 0.500 0.500
0.474 0.485 0.695 0.926 0.238 0.500 0.565 0.500 0.500
0.472 0.484 0.694 0.927 0.240 0.500 0.569 0.500 0.500
0.471 0.484 0.694 0.927 0.241 0.500 0.569 0.500 0.500
0.474 0.483 0.694 0.928 0.241 0.500 0.569 0.500 0.500
0.473 0.483 0.694 0.927 0.241 0.500 0.569 0.500 0.500
0.476 0.482 0.694 0.928 0.241 0.500 0.569 0.500 0.500
0.475 0.485 0.695 0.928 0.242 0.500 0.569 0.500 0.500
0.477 0.484 0.695 0.929 0.243 0.500 0.569 0.500 0.500
0.480 0.484 0.695 0.929 0.244 0.500 0.528 0.500 0.500
0.481 0.483 0.695 0.929 0.244 0.500 0.519 0.500 0.500
0.480 0.485 0.695 0.927 0.240 0.511 0.500 0.500 0.500
0.482 0.483 0.695 0.927 0.240 0.549 0.500 0.500 0.500
0.482 0.482 0.695 0.925 0.238 0.549 0.500 0.500 0.500
0.482 0.479 0.696 0.925 0.237 0.549 0.500 0.500 0.500
0.482 0.479 0.695 0.925 0.236 0.524 0.500 0.500 0.500
0.481 0.485 0.697 0.918 0.226 0.500 0.519 0.500 0.500
0.479 0.484 0.697 0.918 0.226 0.500 0.519 0.500 0.500
0.479 0.484 0.696 0.918 0.225 0.500 0.528 0.500 0.500
0.478 0.484 0.696 0.917 0.224 0.500 0.528 0.500 0.500
0.478 0.486 0.696 0.917 0.224 0.500 0.528 0.500 0.500
0.482 0.485 0.697 0.917 0.225 0.511 0.500 0.500 0.500
0.481 0.485 0.697 0.917 0.224 0.536 0.500 0.500 0.500
0.481 0.485 0.697 0.915 0.222 0.544 0.500 0.500 0.500
0.481 0.483 0.697 0.914 0.220 0.544 0.500 0.500 0.500
0.482 0.481 0.697 0.915 0.221 0.544 0.500 0.500 0.500
0.482 0.480 0.697 0.914 0.220 0.549 0.500 0.500 0.500
0.481 0.482 0.697 0.914 0.220 0.578 0.500 0.500 0.500
0.480 0.482 0.697 0.913 0.219 0.590 0.500 0.500 0.500
0.480 0.480 0.697 0.913 0.219 0.590 0.500 0.500 0.500
0.481 0.485 0.697 0.906 0.209 0.557 0.500 0.500 0.500
0.482 0.484 0.698 0.905 0.208 0.557 0.500 0.500 0.500
0.483 0.482 0.697 0.906 0.208 0.557 0.500 0.500 0.500
0.482 0.485 0.697 0.906 0.208 0.557 0.500 0.500 0.500
0.482 0.486 0.697 0.905 0.206 0.557 0.500 0.500 0.500
0.482 0.485 0.697 0.905 0.207 0.549 0.500 0.500 0.500
0.484 0.488 0.698 0.898 0.198 0.549 0.500 0.500 0.500
0.483 0.488 0.698 0.897 0.196 0.594 0.500 0.500 0.500
0.482 0.485 0.698 0.896 0.195 0.611 0.500 0.500 0.500
0.481 0.491 0.698 0.891 0.189 0.549 0.500 0.500 0.500
0.483 0.489 0.698 0.889 0.188 0.519 0.500 0.500 0.500
0.482 0.491 0.699 0.889 0.185 0.500 0.503 0.500 0.500
0.484 0.492 0.699 0.889 0.186 0.500 0.532 0.500 0.500
0.483 0.492 0.699 0.890 0.188 0.500 0.532 0.500 0.500
0.481 0.489 0.698 0.891 0.189 0.500 0.532 0.500 0.500
0.480 0.488 0.698 0.893 0.190 0.500 0.532 0.500 0.500
0.484 0.491 0.698 0.895 0.194 0.500 0.507 0.500 0.500
0.486 0.492 0.698 0.896 0.194 0.500 0.540 0.500 0.500
0.485 0.492 0.698 0.895 0.194 0.500 0.544 0.500 0.500
0.482 0.491 0.698 0.896 0.195 0.500 0.507 0.500 0.500
0.487 0.490 0.698 0.901 0.202 0.500 0.540 0.500 0.500
0.487 0.489 0.698 0.901 0.202 0.500 0.553 0.500 0.500
0.482 0.489 0.697 0.902 0.204 0.500 0.553 0.500 0.500
0.482 0.490 0.697 0.903 0.205 0.500 0.553 0.500 0.500
0.483 0.489 0.697 0.903 0.204 0.500 0.557 0.500 0.500
0.484 0.489 0.697 0.904 0.205 0.500 0.557 0.500 0.500
0.490 0.489 0.696 0.908 0.212 0.582 0.500 0.500 0.500
0.488 0.488 0.696 0.908 0.212 0.636 0.500 0.500 0.500
0.488 0.483 0.695 0.909 0.213 0.644 0.500 0.500 0.500
0.489 0.479 0.695 0.910 0.213 0.503 0.500 0.500 0.500
0.489 0.491 0.695 0.911 0.216 0.500 0.528 0.500 0.500
0.488 0.491 0.695 0.912 0.216 0.500 0.528 0.500 0.500
0.485 0.492 0.695 0.912 0.218 0.500 0.528 0.500 0.500
0.489 0.491 0.694 0.911 0.216 0.500 0.503 0.500 0.500
0.486 0.493 0.694 0.911 0.216 0.500 0.507 0.500 0.500
0.486 0.490 0.693 0.913 0.219 0.500 0.507 0.500 0.500
0.486 0.490 0.692 0.914 0.219 0.500 0.507 0.500 0.500
0.484 0.491 0.692 0.914 0.220 0.500 0.503 0.500 0.500
0.485 0.492 0.692 0.914 0.220 0.500 0.544 0.500 0.500
0.485 0.491 0.692 0.914 0.220 0.500 0.544 0.500 0.500
0.486 0.488 0.691 0.917 0.225 0.500 0.528 0.500 0.500
0.487 0.489 0.691 0.917 0.225 0.500 0.565 0.500 0.500
0.483 0.489 0.691 0.917 0.224 0.500 0.565 0.500 0.500
0.481 0.489 0.691 0.918 0.225 0.500 0.565 0.500 0.500
0.482 0.488 0.691 0.918 0.226 0.500 0.565 0.500 0.500
0.486 0.485 0.690 0.911 0.216 0.481 0.500 0.500 0.500
0.487 0.487 0.691 0.912 0.216 0.476 0.500 0.500 0.500
0.487 0.489 0.691 0.911 0.216 0.476 0.500 0.500 0.500
0.486 0.484 0.690 0.910 0.215 0.489 0.500 0.500 0.500
0.486 0.486 0.690 0.906 0.208 0.476 0.500 0.500 0.500
0.486 0.487 0.691 0.906 0.208 0.431 0.500 0.500 0.500
0.486 0.484 0.691 0.900 0.201 0.431 0.500 0.500 0.500
0.487 0.486 0.691 0.900 0.200 0.431 0.500 0.500 0.500
0.484 0.485 0.692 0.897 0.197 0.476 0.500 0.500 0.500
0.482 0.483 0.691 0.898 0.197 0.372 0.500 0.500 0.500
0.482 0.485 0.691 0.897 0.196 0.393 0.500 0.500 0.500
0.483 0.482 0.692 0.889 0.186 0.489 0.500 0.500 0.500
0.484 0.480 0.692 0.889 0.186 0.481 0.500 0.500 0.500
0.484 0.483 0.692 0.888 0.185 0.468 0.500 0.500 0.500
0.486 0.482 0.693 0.888 0.184 0.451 0.500 0.500 0.500
0.486 0.484 0.692 0.887 0.183 0.464 0.500 0.500 0.500
0.637 0.468 0.694 0.940 0.263 0.500 0.472 0.500 0.500
0.638 0.469 0.694 0.941 0.264 0.500 0.464 0.500 0.500
0.640 0.470 0.693 0.942 0.266 0.500 0.418 0.500 0.500
0.642 0.470 0.692 0.942 0.266 0.500 0.406 0.500 0.500
0.643 0.471 0.690 0.942 0.267 0.500 0.402 0.500 0.500
0.641 0.468 0.691 0.942 0.266 0.500 0.393 0.500 0.500
0.640 0.466 0.692 0.941 0.265 0.500 0.385 0.500 0.500
0.638 0.466 0.692 0.941 0.264 0.500 0.385 0.500 0.500
0.637 0.466 0.693 0.941 0.264 0.500 0.372 0.500 0.500
0.635 0.468 0.694 0.941 0.264 0.500 0.347 0.500 0.500
0.636 0.470 0.693 0.940 0.263 0.500 0.314 0.500 0.500
0.639 0.469 0.691 0.941 0.264 0.500 0.310 0.500 0.500
0.639 0.469 0.691 0.941 0.264 0.500 0.310 0.500 0.500
0.637 0.468 0.691 0.941 0.264 0.500 0.310 0.500 0.500
0.636 0.468 0.691 0.940 0.263 0.500 0.310 0.500 0.500
0.634 0.467 0.691 0.940 0.263 0.500 0.310 0.500 0.500
0.632 0.464 0.692 0.939 0.261 0.500 0.310 0.500 0.500
0.628 0.465 0.694 0.939 0.261 0.500 0.273 0.500 0.500
0.627 0.465 0.694 0.938 0.259 0.500 0.206 0.500 0.500
0.629 0.465 0.692 0.938 0.259 0.500 0.189 0.500 0.500
0.632 0.463 0.690 0.938 0.260 0.500 0.189 0.500 0.500
0.632 0.464 0.688 0.938 0.258 0.500 0.189 0.500 0.500
0.631 0.465 0.689 0.937 0.258 0.500 0.160 0.500 0.500
0.628 0.463 0.690 0.937 0.258 0.500 0.135 0.500 0.500
0.624 0.462 0.691 0.936 0.256 0.500 0.131 0.500 0.500
0.623 0.463 0.691 0.937 0.257 0.500 0.110 0.500 0.500
0.621 0.464 0.691 0.936 0.256 0.500 0.102 0.500 0.500
0.619 0.463 0.691 0.936 0.255 0.500 0.102 0.500 0.500
0.616 0.460 0.691 0.936 0.256 0.500 0.102 0.500 0.500
0.611 0.459 0.693 0.935 0.254 0.500 0.102 0.500 0.500
0.607 0.459 0.694 0.935 0.254 0.519 0.098 0.500 0.500
0.604 0.459 0.694 0.935 0.253 0.524 0.098 0.500 0.500
0.603 0.459 0.694 0.934 0.251 0.524 0.098 0.500 0.500
0.600 0.459 0.694 0.934 0.252 0.524 0.098 0.500 0.500
0.596 0.459 0.695 0.934 0.251 0.524 0.098 0.500 0.500
0.594 0.458 0.695 0.933 0.251 0.590 0.089 0.500 0.500
0.590 0.459 0.696 0.934 0.251 0.594 0.089 0.500 0.500
0.588 0.456 0.695 0.934 0.251 0.615 0.089 0.500 0.500
0.587 0.454 0.694 0.933 0.251 0.636 0.089 0.500 0.500
0.584 0.454 0.694 0.933 0.250 0.694 0.089 0.500 0.500
0.583 0.454 0.694 0.933 0.250 0.719 0.089 0.500 0.500
0.581 0.449 0.692 0.933 0.250 0.728 0.085 0.500 0.500
0.577 0.449 0.692 0.932 0.248 0.748 0.085 0.500 0.500
0.574 0.452 0.693 0.931 0.248 0.761 0.085 0.500 0.500
0.570 0.454 0.694 0.931 0.247 0.761 0.085 0.500 0.500
0.567 0.457 0.695 0.932 0.248 0.761 0.085 0.500 0.500
0.565 0.460 0.696 0.932 0.248 0.761 0.102 0.500 0.500
0.564 0.462 0.695 0.931 0.247 0.761 0.102 0.500 0.500
0.559 0.464 0.696 0.930 0.245 0.761 0.102 0.500 0.500
0.557 0.466 0.696 0.929 0.244 0.707 0.102 0.500 0.500
0.557 0.470 0.696 0.929 0.243 0.707 0.102 0.500 0.500
0.555 0.475 0.697 0.928 0.242 0.707 0.102 0.500 0.500
0.552 0.477 0.697 0.928 0.241 0.707 0.102 0.500 0.500
0.550 0.476 0.696 0.928 0.241 0.615 0.169 0.500 0.500
0.545 0.477 0.696 0.927 0.240 0.615 0.169 0.500 0.500
0.539 0.482 0.699 0.926 0.238 0.615 0.169 0.500 0.500
0.537 0.483 0.698 0.926 0.238 0.615 0.181 0.500 0.500
0.535 0.484 0.698 0.927 0.240 0.603 0.206 0.500 0.500
0.532 0.483 0.697 0.927 0.240 0.603 0.214 0.500 0.500
0.528 0.483 0.698 0.928 0.241 0.582 0.243 0.500 0.500
0.527 0.483 0.698 0.928 0.241 0.582 0.252 0.500 0.500
0.525 0.484 0.698 0.928 0.242 0.565 0.285 0.500 0.500
0.523 0.484 0.698 0.929 0.244 0.500 0.418 0.500 0.500
0.518 0.486 0.698 0.930 0.245 0.500 0.431 0.500 0.500
0.510 0.491 0.699 0.930 0.246 0.500 0.431 0.500 0.500
0.509 0.492 0.698 0.930 0.247 0.500 0.443 0.500 0.500
0.511 0.491 0.698 0.931 0.247 0.500 0.464 0.500 0.500
0.514 0.490 0.698 0.931 0.247 0.500 0.497 0.500 0.500
0.523 0.487 0.695 0.936 0.255 0.511 0.500 0.500 0.500
0.521 0.488 0.696 0.936 0.255 0.511 0.500 0.500 0.500
0.521 0.485 0.696 0.936 0.255 0.511 0.500 0.500 0.500
0.523 0.486 0.695 0.935 0.254 0.519 0.500 0.500 0.500
0.522 0.487 0.695 0.936 0.255 0.519 0.500 0.500 0.500
0.521 0.486 0.695 0.935 0.254 0.519 0.500 0.500 0.500
0.522 0.486 0.695 0.936 0.255 0.519 0.500 0.500 0.500
0.525 0.486 0.695 0.936 0.255 0.519 0.500 0.500 0.500
0.526 0.486 0.695 0.936 0.255 0.519 0.500 0.500 0.500
0.523 0.490 0.696 0.939 0.260 0.500 0.485 0.500 0.500
0.524 0.490 0.695 0.939 0.262 0.500 0.485 0.500 0.500
0.524 0.490 0.695 0.940 0.263 0.500 0.485 0.500 0.500
0.525 0.488 0.695 0.940 0.263 0.500 0.485 0.500 0.500
0.526 0.489 0.695 0.940 0.263 0.500 0.485 0.500 0.500
0.526 0.489 0.695 0.940 0.263 0.500 0.485 0.500 0.500
0.526 0.489 0.695 0.941 0.264 0.500 0.476 0.500 0.500
0.526 0.489 0.694 0.941 0.265 0.500 0.456 0.500 0.500
0.526 0.490 0.695 0.942 0.267 0.500 0.451 0.500 0.500
0.527 0.489 0.694 0.942 0.267 0.532 0.443 0.500 0.500
0.527 0.488 0.695 0.943 0.268 0.544 0.443 0.500 0.500
0.528 0.487 0.694 0.943 0.268 0.544 0.443 0.500 0.500
0.527 0.485 0.694 0.942 0.267 0.569 0.439 0.500 0.500
0.526 0.484 0.694 0.943 0.268 0.569 0.439 0.500 0.500
0.526 0.486 0.694 0.943 0.269 0.578 0.439 0.500 0.500
0.524 0.488 0.695 0.943 0.268 0.578 0.439 0.500 0.500
0.522 0.489 0.695 0.943 0.268 0.578 0.431 0.500 0.500
0.522 0.489 0.695 0.942 0.267 0.578 0.431 0.500 0.500
0.522 0.491 0.695 0.942 0.267 0.578 0.431 0.500 0.500
0.523 0.491 0.695 0.942 0.267 0.578 0.431 0.500 0.500
0.523 0.491 0.695 0.943 0.268 0.578 0.431 0.500 0.500
0.522 0.493 0.695 0.943 0.269 0.578 0.431 0.500 0.500
0.523 0.496 0.695 0.944 0.270 0.578 0.418 0.500 0.500
0.521 0.497 0.695 0.944 0.269 0.578 0.418 0.500 0.500
0.520 0.495 0.696 0.944 0.269 0.578 0.418 0.500 0.500
0.520 0.494 0.696 0.944 0.270 0.500 0.418 0.500 0.500
0.521 0.496 0.695 0.945 0.272 0.500 0.418 0.500 0.500
0.519 0.504 0.696 0.945 0.271 0.500 0.485 0.500 0.500
0.514 0.499 0.696 0.949 0.281 0.500 0.418 0.500 0.500
0.516 0.499 0.696 0.950 0.282 0.500 0.418 0.500 0.500
0.520 0.501 0.695 0.951 0.284 0.500 0.443 0.500 0.500
0.512 0.502 0.696 0.952 0.287 0.500 0.489 0.500 0.500
0.513 0.503 0.695 0.953 0.288 0.500 0.443 0.500 0.500
0.517 0.503 0.695 0.952 0.287 0.500 0.431 0.500 0.500
0.511 0.501 0.695 0.953 0.289 0.500 0.431 0.500 0.500
0.513 0.504 0.693 0.955 0.293 0.500 0.489 0.500 0.500
0.512 0.502 0.693 0.955 0.293 0.500 0.431 0.500 0.500
0.512 0.501 0.692 0.957 0.296 0.500 0.497 0.500 0.500
0.514 0.502 0.692 0.957 0.296 0.500 0.497 0.500 0.500
0.515 0.499 0.692 0.957 0.298 0.500 0.485 0.500 0.500
0.514 0.502 0.691 0.961 0.309 0.489 0.476 0.500 0.500
0.514 0.502 0.691 0.962 0.308 0.489 0.476 0.500 0.500
0.514 0.502 0.691 0.961 0.308 0.489 0.472 0.500 0.500
0.513 0.503 0.692 0.962 0.310 0.489 0.464 0.500 0.500
0.511 0.504 0.693 0.965 0.316 0.500 0.485 0.500 0.500
0.511 0.504 0.692 0.965 0.316 0.500 0.472 0.500 0.500
0.512 0.505 0.692 0.965 0.317 0.500 0.451 0.500 0.500
0.512 0.504 0.692 0.964 0.316 0.500 0.431 0.500 0.500
0.509 0.506 0.692 0.961 0.307 0.500 0.489 0.500 0.500
0.510 0.506 0.692 0.961 0.308 0.500 0.426 0.500 0.500
0.510 0.500 0.695 0.957 0.298 0.426 0.500 0.500 0.500
0.506 0.501 0.696 0.952 0.286 0.500 0.443 0.500 0.500
0.509 0.502 0.696 0.951 0.285 0.500 0.372 0.500 0.500
0.506 0.499 0.696 0.949 0.281 0.500 0.472 0.500 0.500
0.507 0.501 0.696 0.949 0.281 0.500 0.393 0.500 0.500
0.508 0.500 0.696 0.946 0.275 0.500 0.439 0.500 0.500
0.509 0.501 0.695 0.946 0.274 0.500 0.476 0.500 0.500
0.506 0.500 0.696 0.942 0.267 0.500 0.372 0.500 0.500
0.506 0.501 0.696 0.942 0.267 0.500 0.489 0.500 0.500
0.503 0.501 0.696 0.938 0.260 0.500 0.368 0.500 0.500
0.505 0.502 0.696 0.938 0.259 0.500 0.464 0.500 0.500
0.503 0.500 0.696 0.934 0.251 0.500 0.464 0.500 0.500
0.505 0.501 0.696 0.934 0.251 0.500 0.464 0.500 0.500
0.505 0.500 0.696 0.938 0.259 0.500 0.418 0.500 0.500
0.507 0.499 0.696 0.939 0.260 0.500 0.418 0.500 0.500
0.504 0.498 0.695 0.941 0.264 0.500 0.485 0.500 0.500
0.505 0.499 0.695 0.942 0.266 0.500 0.472 0.500 0.500
0.502 0.497 0.695 0.944 0.270 0.500 0.418 0.500 0.500
0.383 0.540 0.705 0.979 0.357 0.500 0.557 0.500 0.500
0.383 0.541 0.705 0.979 0.357 0.500 0.565 0.500 0.500
0.379 0.542 0.702 0.979 0.356 0.500 0.565 0.500 0.500
0.378 0.541 0.702 0.979 0.355 0.500 0.565 0.500 0.500
0.377 0.542 0.701 0.978 0.354 0.500 0.569 0.500 0.500
0.378 0.543 0.701 0.978 0.354 0.500 0.628 0.500 0.500
0.378 0.540 0.701 0.978 0.354 0.493 0.673 0.500 0.500
0.375 0.539 0.700 0.978 0.354 0.493 0.673 0.500 0.500
0.374 0.541 0.699 0.978 0.354 0.493 0.673 0.500 0.500
0.376 0.540 0.699 0.978 0.355 0.493 0.673 0.500 0.500
0.380 0.540 0.702 0.978 0.355 0.493 0.673 0.500 0.500
0.384 0.540 0.702 0.979 0.356 0.493 0.673 0.500 0.500
0.385 0.540 0.703 0.978 0.355 0.493 0.673 0.500 0.500
0.388 0.541 0.704 0.978 0.355 0.481 0.673 0.500 0.500
0.389 0.543 0.703 0.979 0.355 0.451 0.673 0.500 0.500
0.389 0.544 0.703 0.979 0.357 0.406 0.673 0.500 0.500
0.390 0.546 0.702 0.979 0.357 0.368 0.673 0.500 0.500
0.391 0.549 0.701 0.979 0.356 0.285 0.673 0.500 0.500
0.393 0.551 0.702 0.979 0.358 0.273 0.673 0.500 0.500
0.395 0.553 0.701 0.979 0.358 0.243 0.678 0.500 0.500
0.395 0.553 0.701 0.980 0.360 0.164 0.678 0.500 0.500
0.395 0.550 0.701 0.980 0.360 0.152 0.678 0.500 0.500
0.396 0.552 0.700 0.980 0.362 0.148 0.678 0.500 0.500
0.398 0.548 0.701 0.980 0.362 0.148 0.678 0.500 0.500
0.399 0.542 0.703 0.981 0.363 0.148 0.678 0.500 0.500
0.402 0.537 0.704 0.981 0.364 0.139 0.678 0.500 0.500
0.401 0.531 0.703 0.981 0.365 0.139 0.678 0.500 0.500
0.403 0.528 0.704 0.982 0.367 0.139 0.686 0.500 0.500
0.405 0.527 0.704 0.982 0.367 0.139 0.686 0.500 0.500
0.405 0.524 0.704 0.982 0.368 0.160 0.711 0.500 0.500
0.404 0.518 0.704 0.982 0.368 0.160 0.719 0.500 0.500
0.404 0.516 0.703 0.982 0.368 0.206 0.719 0.500 0.500
0.404 0.510 0.702 0.982 0.368 0.418 0.786 0.500 0.500
0.406 0.501 0.703 0.982 0.369 0.443 0.786 0.500 0.500
0.404 0.486 0.701 0.982 0.371 0.500 0.786 0.500 0.500
0.407 0.481 0.701 0.982 0.372 0.500 0.786 0.500 0.500
0.411 0.482 0.702 0.983 0.374 0.500 0.786 0.500 0.500
0.413 0.486 0.702 0.983 0.373 0.500 0.786 0.500 0.500
0.416 0.490 0.703 0.984 0.374 0.500 0.786 0.500 0.500
0.418 0.493 0.703 0.984 0.376 0.500 0.786 0.500 0.500
0.419 0.496 0.704 0.985 0.377 0.500 0.786 0.500 0.500
0.421 0.497 0.704 0.985 0.379 0.476 0.840 0.500 0.500
0.423 0.499 0.704 0.985 0.379 0.500 0.865 0.500 0.500
0.420 0.499 0.703 0.985 0.381 0.500 0.865 0.500 0.500
0.422 0.498 0.702 0.985 0.380 0.500 0.865 0.500 0.500
0.425 0.499 0.703 0.986 0.381 0.500 0.865 0.500 0.500
0.426 0.500 0.703 0.986 0.382 0.500 0.865 0.500 0.500
0.429 0.500 0.704 0.986 0.381 0.500 0.865 0.500 0.500
0.433 0.497 0.704 0.986 0.382 0.500 0.865 0.500 0.500
0.436 0.496 0.704 0.986 0.383 0.500 0.865 0.500 0.500
0.440 0.500 0.705 0.986 0.382 0.500 0.865 0.500 0.500
0.442 0.500 0.705 0.986 0.383 0.500 0.865 0.500 0.500
0.444 0.499 0.705 0.986 0.382 0.500 0.865 0.500 0.500
0.447 0.498 0.705 0.986 0.381 0.500 0.865 0.500 0.500
0.449 0.498 0.704 0.986 0.382 0.500 0.844 0.500 0.500
0.453 0.498 0.705 0.986 0.384 0.500 0.690 0.500 0.500
0.461 0.497 0.706 0.987 0.386 0.500 0.507 0.500 0.500
0.462 0.499 0.706 0.987 0.385 0.500 0.507 0.500 0.500
0.461 0.498 0.706 0.987 0.386 0.500 0.503 0.500 0.500
0.462 0.497 0.706 0.986 0.384 0.500 0.515 0.500 0.500
0.463 0.495 0.706 0.986 0.384 0.500 0.515 0.500 0.500
0.463 0.497 0.707 0.986 0.382 0.500 0.503 0.500 0.500
0.464 0.498 0.707 0.986 0.381 0.500 0.519 0.500 0.500
0.463 0.498 0.706 0.986 0.383 0.500 0.519 0.500 0.500
0.459 0.498 0.706 0.986 0.382 0.500 0.528 0.500 0.500
0.461 0.499 0.706 0.985 0.378 0.500 0.507 0.500 0.500
0.461 0.499 0.706 0.985 0.378 0.500 0.532 0.500 0.500
0.461 0.497 0.706 0.985 0.379 0.500 0.544 0.500 0.500
0.460 0.497 0.706 0.985 0.377 0.500 0.582 0.500 0.500
0.460 0.496 0.706 0.985 0.379 0.500 0.590 0.500 0.500
0.455 0.496 0.705 0.985 0.379 0.500 0.528 0.500 0.500
0.462 0.498 0.707 0.985 0.378 0.500 0.519 0.500 0.500
0.464 0.495 0.707 0.985 0.378 0.500 0.565 0.500 0.500
0.462 0.495 0.707 0.985 0.379 0.500 0.565 0.500 0.500
0.458 0.495 0.707 0.986 0.381 0.500 0.569 0.500 0.500
0.457 0.496 0.706 0.986 0.381 0.500 0.569 0.500 0.500
0.459 0.496 0.706 0.985 0.379 0.500 0.569 0.500 0.500
0.459 0.496 0.707 0.986 0.382 0.500 0.569 0.500 0.500
0.462 0.496 0.708 0.986 0.381 0.500 0.569 0.500 0.500
0.464 0.497 0.707 0.986 0.381 0.500 0.569 0.500 0.500
0.465 0.498 0.707 0.986 0.382 0.500 0.507 0.500 0.500
0.466 0.496 0.708 0.986 0.382 0.500 0.628 0.500 0.500
0.465 0.496 0.708 0.986 0.382 0.500 0.628 0.500 0.500
0.458 0.495 0.707 0.986 0.384 0.500 0.528 0.500 0.500
0.459 0.496 0.707 0.986 0.383 0.500 0.503 0.500 0.500
0.468 0.494 0.710 0.988 0.389 0.500 0.723 0.500 0.500
0.464 0.495 0.709 0.988 0.391 0.500 0.723 0.500 0.500
0.471 0.494 0.710 0.989 0.397 0.500 0.532 0.500 0.500
0.470 0.494 0.710 0.989 0.397 0.500 0.532 0.500 0.500
0.469 0.494 0.710 0.990 0.399 0.500 0.532 0.500 0.500
0.466 0.492 0.709 0.990 0.399 0.500 0.532 0.500 0.500
0.466 0.491 0.709 0.989 0.397 0.500 0.532 0.500 0.500
0.467 0.491 0.709 0.990 0.398 0.500 0.532 0.500 0.500
0.467 0.492 0.709 0.989 0.396 0.500 0.532 0.500 0.500
0.468 0.492 0.710 0.989 0.396 0.500 0.532 0.500 0.500
0.469 0.493 0.710 0.989 0.396 0.500 0.532 0.500 0.500
0.471 0.493 0.709 0.989 0.395 0.500 0.532 0.500 0.500
0.471 0.492 0.710 0.989 0.396 0.500 0.532 0.500 0.500
0.471 0.491 0.709 0.989 0.396 0.500 0.532 0.500 0.500
0.471 0.490 0.710 0.989 0.396 0.500 0.532 0.500 0.500
0.472 0.491 0.710 0.989 0.396 0.500 0.532 0.500 0.500
0.471 0.492 0.709 0.989 0.397 0.500 0.532 0.500 0.500
0.471 0.491 0.710 0.989 0.396 0.500 0.532 0.500 0.500
0.470 0.491 0.709 0.989 0.395 0.500 0.532 0.500 0.500
0.469 0.492 0.709 0.983 0.396 0.500 0.532 0.500 0.500
0.473 0.495 0.709 0.989 0.394 0.500 0.532 0.500 0.500
0.471 0.492 0.709 0.988 0.393 0.500 0.532 0.500 0.500
0.473 0.492 0.709 0.989 0.394 0.500 0.532 0.500 0.500
0.474 0.491 0.710 0.989 0.394 0.500 0.532 0.500 0.500
0.475 0.490 0.710 0.989 0.394 0.500 0.515 0.500 0.500
0.469 0.493 0.709 0.988 0.391 0.500 0.503 0.500 0.500
0.472 0.493 0.709 0.988 0.392 0.500 0.528 0.500 0.500
0.471 0.491 0.710 0.988 0.391 0.500 0.528 0.500 0.500
0.469 0.490 0.709 0.988 0.390 0.500 0.540 0.500 0.500
0.468 0.491 0.709 0.988 0.390 0.500 0.540 0.500 0.500
0.468 0.488 0.710 0.987 0.389 0.500 0.540 0.500 0.500
0.469 0.489 0.709 0.987 0.388 0.500 0.540 0.500 0.500
0.471 0.491 0.709 0.987 0.388 0.500 0.540 0.500 0.500
0.471 0.489 0.709 0.987 0.385 0.500 0.540 0.500 0.500
0.470 0.491 0.710 0.982 0.385 0.500 0.553 0.500 0.500
0.468 0.492 0.710 0.981 0.384 0.500 0.578 0.500 0.500
0.467 0.493 0.710 0.986 0.381 0.500 0.582 0.500 0.500
0.465 0.493 0.709 0.985 0.380 0.500 0.582 0.500 0.500
0.465 0.493 0.709 0.986 0.382 0.500 0.582 0.500 0.500
0.468 0.492 0.709 0.985 0.380 0.500 0.582 0.500 0.500
0.469 0.491 0.710 0.985 0.379 0.500 0.590 0.500 0.500
0.471 0.492 0.709 0.985 0.379 0.500 0.590 0.500 0.500
0.473 0.492 0.711 0.985 0.378 0.500 0.590 0.500 0.500
0.474 0.491 0.710 0.985 0.379 0.500 0.590 0.500 0.500
0.473 0.492 0.710 0.985 0.379 0.500 0.590 0.500 0.500
0.474 0.490 0.709 0.985 0.379 0.500 0.590 0.500 0.500
0.474 0.489 0.710 0.985 0.379 0.500 0.590 0.500 0.500
0.473 0.490 0.710 0.985 0.379 0.500 0.507 0.500 0.500
0.476 0.492 0.710 0.981 0.364 0.500 0.503 0.500 0.500
0.474 0.490 0.710 0.981 0.365 0.500 0.489 0.500 0.500
0.473 0.491 0.710 0.981 0.365 0.500 0.464 0.500 0.500
0.474 0.490 0.710 0.981 0.365 0.500 0.443 0.500 0.500
0.477 0.488 0.710 0.981 0.365 0.500 0.414 0.500 0.500
0.479 0.489 0.711 0.982 0.366 0.500 0.372 0.500 0.500
0.481 0.489 0.712 0.982 0.367 0.500 0.368 0.500 0.500
0.483 0.490 0.712 0.982 0.367 0.500 0.368 0.500 0.500
0.482 0.490 0.712 0.982 0.367 0.500 0.368 0.500 0.500
0.482 0.489 0.712 0.982 0.367 0.500 0.368 0.500 0.500
0.472 0.488 0.713 0.989 0.396 0.500 0.472 0.500 0.500
0.472 0.486 0.713 0.989 0.397 0.500 0.464 0.500 0.500
0.473 0.486 0.714 0.989 0.396 0.500 0.456 0.500 0.500
0.473 0.486 0.714 0.989 0.395 0.500 0.443 0.500 0.500
0.474 0.487 0.714 0.989 0.396 0.500 0.431 0.500 0.500
0.473 0.487 0.714 0.989 0.397 0.500 0.431 0.500 0.500
0.474 0.487 0.714 0.989 0.397 0.500 0.431 0.500 0.500
0.474 0.486 0.714 0.989 0.396 0.500 0.426 0.500 0.500
0.472 0.486 0.714 0.989 0.397 0.500 0.426 0.500 0.500
0.470 0.487 0.714 0.989 0.397 0.500 0.426 0.500 0.500
0.470 0.486 0.713 0.989 0.398 0.500 0.426 0.500 0.500
0.468 0.485 0.713 0.990 0.399 0.500 0.426 0.500 0.500
0.469 0.484 0.713 0.990 0.400 0.500 0.426 0.500 0.500
0.468 0.485 0.713 0.990 0.398 0.500 0.426 0.500 0.500
0.467 0.486 0.713 0.989 0.398 0.500 0.426 0.500 0.500
0.465 0.482 0.712 0.990 0.399 0.500 0.532 0.500 0.500
0.465 0.482 0.712 0.990 0.400 0.500 0.557 0.500 0.500
0.463 0.483 0.712 0.990 0.400 0.500 0.565 0.500 0.500
0.461 0.485 0.712 0.990 0.400 0.532 0.565 0.500 0.500
0.462 0.482 0.712 0.990 0.401 0.532 0.565 0.500 0.500
0.463 0.481 0.712 0.990 0.402 0.532 0.565 0.500 0.500
0.464 0.482 0.711 0.990 0.403 0.532 0.565 0.500 0.500
0.466 0.483 0.712 0.991 0.403 0.532 0.565 0.500 0.500
0.465 0.483 0.712 0.990 0.402 0.532 0.565 0.500 0.500
0.467 0.483 0.712 0.990 0.403 0.532 0.565 0.500 0.500
0.470 0.482 0.713 0.990 0.403 0.532 0.565 0.500 0.500
0.471 0.481 0.712 0.991 0.404 0.532 0.565 0.500 0.500
0.470 0.483 0.713 0.991 0.403 0.532 0.565 0.500 0.500
0.472 0.484 0.713 0.991 0.404 0.532 0.565 0.500 0.500
0.470 0.484 0.712 0.991 0.406 0.532 0.565 0.500 0.500
0.470 0.483 0.712 0.991 0.405 0.532 0.565 0.500 0.500
0.474 0.484 0.713 0.991 0.405 0.532 0.565 0.500 0.500
0.474 0.486 0.713 0.991 0.406 0.532 0.565 0.500 0.500
0.473 0.486 0.712 0.991 0.407 0.532 0.565 0.500 0.500
0.472 0.486 0.712 0.991 0.407 0.532 0.565 0.500 0.500
0.471 0.485 0.712 0.991 0.406 0.532 0.565 0.500 0.500
0.471 0.483 0.712 0.991 0.405 0.532 0.565 0.500 0.500
0.471 0.482 0.712 0.991 0.406 0.532 0.565 0.500 0.500
0.475 0.484 0.713 0.991 0.406 0.532 0.565 0.500 0.500
0.474 0.484 0.712 0.991 0.406 0.500 0.565 0.500 0.500
0.480 0.490 0.708 0.987 0.386 0.590 0.500 0.500 0.500
0.478 0.487 0.708 0.987 0.386 0.594 0.500 0.500 0.500
0.478 0.488 0.709 0.990 0.404 0.503 0.500 0.500 0.500
0.478 0.487 0.709 0.991 0.406 0.519 0.500 0.500 0.500
0.480 0.488 0.709 0.991 0.408 0.590 0.500 0.500 0.500
0.483 0.485 0.709 0.992 0.409 0.519 0.500 0.500 0.500
0.480 0.486 0.709 0.993 0.420 0.500 0.503 0.500 0.500
0.480 0.486 0.709 0.994 0.420 0.500 0.503 0.500 0.500
0.480 0.485 0.709 0.993 0.421 0.500 0.540 0.500 0.500
0.480 0.486 0.709 0.994 0.421 0.500 0.544 0.500 0.500
0.480 0.487 0.709 0.994 0.422 0.500 0.507 0.500 0.500
0.481 0.483 0.708 0.993 0.420 0.500 0.565 0.500 0.500
0.480 0.484 0.708 0.994 0.423 0.500 0.532 0.500 0.500
0.482 0.485 0.707 0.995 0.430 0.500 0.507 0.500 0.500
0.482 0.486 0.707 0.995 0.428 0.500 0.507 0.500 0.500
0.482 0.485 0.708 0.993 0.430 0.500 0.507 0.500 0.500
0.482 0.484 0.707 0.995 0.433 0.500 0.553 0.500 0.500
0.481 0.483 0.707 0.995 0.432 0.500 0.553 0.500 0.500
0.481 0.482 0.706 0.995 0.432 0.500 0.519 0.500 0.500
0.479 0.485 0.706 0.995 0.433 0.500 0.519 0.500 0.500
0.480 0.481 0.706 0.996 0.437 0.500 0.503 0.500 0.500
0.480 0.480 0.705 0.996 0.439 0.500 0.553 0.500 0.500
0.478 0.480 0.706 0.996 0.439 0.500 0.553 0.500 0.500
0.476 0.480 0.706 0.996 0.439 0.500 0.553 0.500 0.500
0.484 0.481 0.707 0.997 0.443 0.500 0.443 0.500 0.500
0.486 0.480 0.706 0.997 0.445 0.500 0.414 0.500 0.500
0.488 0.481 0.707 0.997 0.446 0.500 0.414 0.500 0.500
0.492 0.481 0.707 0.997 0.445 0.500 0.497 0.500 0.500
0.488 0.480 0.707 0.997 0.445 0.500 0.497 0.500 0.500
0.481 0.481 0.706 0.997 0.447 0.500 0.497 0.500 0.500
0.479 0.481 0.706 0.997 0.448 0.500 0.439 0.500 0.500
0.480 0.480 0.707 0.997 0.448 0.500 0.314 0.500 0.500
0.487 0.481 0.707 0.997 0.450 0.500 0.314 0.500 0.500
0.495 0.481 0.708 0.997 0.450 0.500 0.368 0.500 0.500
0.495 0.482 0.707 0.997 0.452 0.500 0.406 0.500 0.500
0.489 0.480 0.708 0.998 0.453 0.500 0.464 0.500 0.500
0.482 0.478 0.707 0.998 0.455 0.500 0.476 0.500 0.500
0.477 0.478 0.706 0.998 0.456 0.500 0.489 0.500 0.500
0.478 0.480 0.708 0.998 0.458 0.500 0.489 0.500 0.500
0.478 0.480 0.707 0.998 0.459 0.500 0.451 0.500 0.500
0.479 0.480 0.708 0.998 0.458 0.500 0.443 0.500 0.500
0.483 0.480 0.708 0.998 0.460 0.500 0.439 0.500 0.500
0.484 0.482 0.709 0.998 0.460 0.500 0.439 0.500 0.500
0.589 0.566 0.707 0.999 0.476 0.500 0.485 0.500 0.500
0.590 0.566 0.707 0.999 0.476 0.500 0.476 0.500 0.500
0.593 0.563 0.705 0.999 0.475 0.489 0.464 0.500 0.500
0.595 0.563 0.704 0.999 0.475 0.468 0.451 0.500 0.500
0.598 0.566 0.703 0.999 0.474 0.456 0.406 0.500 0.500
0.599 0.568 0.702 0.999 0.474 0.443 0.368 0.500 0.500
0.600 0.568 0.701 0.999 0.475 0.381 0.347 0.500 0.500
0.599 0.569 0.700 0.999 0.474 0.360 0.343 0.500 0.500
0.598 0.573 0.699 0.999 0.475 0.347 0.343 0.500 0.500
0.597 0.575 0.699 0.999 0.475 0.347 0.343 0.500 0.500
0.595 0.574 0.700 0.999 0.475 0.500 0.456 0.500 0.500
0.574 0.551 0.711 0.999 0.474 0.451 0.418 0.500 0.500
0.579 0.554 0.709 0.999 0.472 0.331 0.331 0.500 0.500
0.590 0.566 0.702 0.999 0.472 0.306 0.322 0.500 0.500
0.598 0.573 0.696 0.999 0.471 0.293 0.314 0.500 0.500
0.599 0.575 0.694 0.998 0.469 0.273 0.310 0.500 0.500
0.598 0.575 0.695 0.998 0.468 0.273 0.310 0.500 0.500
0.594 0.570 0.698 0.999 0.467 0.243 0.297 0.500 0.500
0.592 0.565 0.699 0.999 0.466 0.164 0.273 0.500 0.500
0.589 0.562 0.701 0.999 0.467 0.160 0.273 0.500 0.500
0.585 0.565 0.701 0.999 0.467 0.160 0.273 0.500 0.500
0.581 0.564 0.702 0.999 0.467 0.160 0.260 0.500 0.500
0.580 0.560 0.703 0.999 0.467 0.160 0.252 0.500 0.500
0.581 0.555 0.703 0.999 0.466 0.160 0.252 0.500 0.500
0.581 0.552 0.703 0.999 0.465 0.318 0.239 0.500 0.500
0.579 0.543 0.704 0.999 0.466 0.322 0.231 0.500 0.500
0.576 0.531 0.706 0.999 0.465 0.331 0.218 0.500 0.500
0.576 0.528 0.706 0.999 0.465 0.356 0.214 0.500 0.500
0.573 0.528 0.706 0.999 0.465 0.368 0.206 0.500 0.500
0.572 0.526 0.706 0.999 0.466 0.406 0.202 0.500 0.500
0.569 0.527 0.706 0.999 0.465 0.406 0.202 0.500 0.500
0.568 0.526 0.705 0.998 0.463 0.418 0.193 0.500 0.500
0.565 0.526 0.705 0.998 0.463 0.456 0.181 0.500 0.500
0.565 0.526 0.706 0.998 0.463 0.464 0.173 0.500 0.500
0.563 0.524 0.705 0.998 0.462 0.464 0.160 0.500 0.500
0.562 0.526 0.705 0.999 0.462 0.468 0.148 0.500 0.500
0.559 0.529 0.705 0.999 0.463 0.468 0.135 0.500 0.500
0.558 0.530 0.705 0.999 0.464 0.468 0.131 0.500 0.500
0.556 0.530 0.705 0.999 0.465 0.451 0.131 0.500 0.500
0.554 0.529 0.704 0.999 0.466 0.443 0.131 0.500 0.500
0.551 0.532 0.704 0.999 0.466 0.368 0.114 0.500 0.500
0.548 0.535 0.704 0.999 0.465 0.356 0.110 0.500 0.500
0.544 0.537 0.704 0.999 0.466 0.356 0.110 0.500 0.500
0.545 0.538 0.703 0.999 0.466 0.322 0.102 0.500 0.500
0.543 0.537 0.703 0.999 0.465 0.310 0.098 0.500 0.500
0.539 0.537 0.704 0.999 0.464 0.297 0.089 0.500 0.500
0.535 0.534 0.705 0.999 0.464 0.281 0.089 0.500 0.500
0.534 0.533 0.704 0.999 0.464 0.210 0.085 0.500 0.500
0.532 0.533 0.704 0.999 0.465 0.206 0.085 0.500 0.500
0.529 0.536 0.704 0.998 0.463 0.206 0.085 0.500 0.500
0.525 0.532 0.704 0.998 0.462 0.206 0.085 0.500 0.500
0.521 0.527 0.705 0.998 0.462 0.160 0.085 0.500 0.500
0.517 0.524 0.705 0.998 0.462 0.160 0.077 0.500 0.500
0.516 0.525 0.705 0.999 0.464 0.160 0.077 0.500 0.500
0.516 0.524 0.705 0.998 0.462 0.173 0.077 0.500 0.500
0.515 0.517 0.705 0.998 0.461 0.189 0.077 0.500 0.500
0.512 0.512 0.706 0.999 0.463 0.206 0.098 0.500 0.500
0.507 0.509 0.706 0.999 0.464 0.368 0.156 0.500 0.500
0.503 0.506 0.706 0.998 0.463 0.493 0.206 0.500 0.500
0.492 0.489 0.705 0.998 0.464 0.493 0.218 0.500 0.500
0.487 0.480 0.704 0.996 0.464 0.493 0.252 0.500 0.500
0.484 0.479 0.704 0.997 0.464 0.500 0.368 0.500 0.500
0.479 0.483 0.704 0.997 0.464 0.500 0.431 0.500 0.500
0.470 0.487 0.704 0.997 0.465 0.500 0.472 0.500 0.500
0.467 0.491 0.703 0.997 0.465 0.500 0.497 0.500 0.500
0.483 0.497 0.708 0.999 0.471 0.500 0.532 0.500 0.500
0.481 0.496 0.707 0.999 0.473 0.500 0.553 0.500 0.500
0.479 0.499 0.707 0.999 0.475 0.500 0.553 0.500 0.500
0.477 0.498 0.707 0.999 0.477 0.500 0.553 0.500 0.500
0.484 0.495 0.707 1.000 0.484 0.500 0.503 0.500 0.500
0.483 0.496 0.707 1.000 0.484 0.500 0.503 0.500 0.500
0.483 0.495 0.706 1.000 0.485 0.500 0.507 0.500 0.500
0.485 0.493 0.707 1.000 0.485 0.500 0.507 0.500 0.500
0.485 0.493 0.706 0.996 0.488 0.500 0.507 0.500 0.500
0.485 0.493 0.707 1.000 0.488 0.500 0.507 0.500 0.500
0.484 0.494 0.706 0.999 0.486 0.500 0.507 0.500 0.500
0.482 0.492 0.706 0.997 0.486 0.500 0.507 0.500 0.500
0.482 0.492 0.706 0.997 0.490 0.500 0.507 0.500 0.500
0.484 0.495 0.706 0.998 0.490 0.500 0.507 0.500 0.500
0.485 0.493 0.706 0.998 0.490 0.500 0.507 0.500 0.500
0.486 0.493 0.706 0.997 0.490 0.500 0.507 0.500 0.500
0.485 0.493 0.706 1.000 0.489 0.500 0.507 0.500 0.500
0.484 0.493 0.707 1.000 0.491 0.500 0.507 0.500 0.500
0.485 0.494 0.706 0.998 0.491 0.500 0.507 0.500 0.500
0.486 0.494 0.706 0.997 0.491 0.500 0.507 0.500 0.500
0.486 0.493 0.706 0.998 0.491 0.500 0.507 0.500 0.500
0.485 0.494 0.704 0.999 0.494 0.500 0.507 0.500 0.500
0.485 0.493 0.706 0.998 0.491 0.500 0.515 0.500 0.500
0.483 0.492 0.706 0.997 0.492 0.500 0.515 0.500 0.500
0.484 0.492 0.706 0.999 0.488 0.500 0.515 0.500 0.500
0.484 0.494 0.707 1.000 0.486 0.500 0.515 0.500 0.500
0.484 0.493 0.705 0.999 0.488 0.500 0.515 0.500 0.500
0.484 0.493 0.706 0.998 0.486 0.500 0.515 0.500 0.500
0.484 0.494 0.707 0.998 0.483 0.500 0.503 0.500 0.500
0.484 0.494 0.708 1.000 0.484 0.500 0.507 0.500 0.500
0.485 0.494 0.707 1.000 0.482 0.500 0.507 0.500 0.500
0.484 0.495 0.707 1.000 0.482 0.500 0.507 0.500 0.500
0.484 0.495 0.707 1.000 0.482 0.500 0.507 0.500 0.500
0.631 0.521 0.708 0.998 0.454 0.500 0.489 0.500 0.500
0.630 0.520 0.709 0.998 0.453 0.500 0.472 0.500 0.500
0.631 0.518 0.709 0.998 0.454 0.500 0.431 0.500 0.500
0.637 0.519 0.705 0.998 0.455 0.500 0.406 0.500 0.500
0.639 0.520 0.703 0.998 0.455 0.500 0.385 0.500 0.500
0.638 0.521 0.704 0.998 0.456 0.500 0.381 0.500 0.500
0.636 0.521 0.705 0.998 0.457 0.500 0.372 0.500 0.500
0.634 0.520 0.706 0.998 0.455 0.500 0.360 0.500 0.500
0.634 0.520 0.706 0.998 0.455 0.500 0.322 0.500 0.500
0.637 0.520 0.703 0.998 0.456 0.500 0.310 0.500 0.500
0.637 0.521 0.703 0.998 0.457 0.500 0.302 0.500 0.500
0.636 0.522 0.703 0.998 0.459 0.500 0.297 0.500 0.500
0.631 0.522 0.705 0.998 0.460 0.493 0.297 0.500 0.500
0.630 0.524 0.706 0.998 0.461 0.481 0.289 0.500 0.500
0.628 0.523 0.706 0.998 0.461 0.476 0.289 0.500 0.500
0.625 0.525 0.707 0.999 0.462 0.468 0.260 0.500 0.500
0.624 0.527 0.706 0.998 0.461 0.439 0.239 0.500 0.500
0.625 0.528 0.706 0.998 0.461 0.426 0.239 0.500 0.500
0.621 0.527 0.707 0.999 0.462 0.406 0.231 0.500 0.500
0.618 0.529 0.708 0.999 0.462 0.393 0.231 0.500 0.500
0.616 0.529 0.708 0.999 0.465 0.356 0.231 0.500 0.500
0.615 0.533 0.707 0.999 0.464 0.322 0.231 0.500 0.500
0.612 0.533 0.708 0.999 0.466 0.297 0.227 0.500 0.500
0.610 0.532 0.708 0.999 0.466 0.297 0.202 0.500 0.500
0.612 0.530 0.707 0.999 0.466 0.248 0.144 0.500 0.500
0.615 0.532 0.704 0.999 0.468 0.173 0.089 0.500 0.500
0.616 0.534 0.701 0.999 0.469 0.173 0.085 0.500 0.500
0.615 0.533 0.702 0.999 0.470 0.173 0.077 0.500 0.500
0.610 0.530 0.704 0.999 0.470 0.173 0.077 0.500 0.500
0.605 0.523 0.706 0.999 0.470 0.173 0.077 0.500 0.500
0.600 0.520 0.708 0.999 0.470 0.173 0.065 0.500 0.500
0.594 0.516 0.710 0.999 0.471 0.173 0.065 0.500 0.500
0.591 0.512 0.710 0.999 0.471 0.164 0.065 0.500 0.500
0.589 0.510 0.709 0.999 0.473 0.297 0.065 0.500 0.500
0.583 0.499 0.711 0.999 0.474 0.310 0.065 0.500 0.500
0.581 0.495 0.711 0.999 0.474 0.431 0.065 0.500 0.500
0.579 0.486 0.710 0.998 0.474 0.500 0.065 0.500 0.500
0.576 0.479 0.709 0.998 0.475 0.500 0.065 0.500 0.500
0.574 0.481 0.710 0.999 0.474 0.565 0.065 0.500 0.500
0.571 0.478 0.709 0.998 0.477 0.740 0.065 0.500 0.500
0.569 0.471 0.708 0.997 0.476 0.786 0.065 0.500 0.500
0.567 0.474 0.708 0.997 0.475 0.786 0.065 0.500 0.500
0.564 0.480 0.710 0.999 0.477 0.794 0.065 0.500 0.500
0.562 0.486 0.711 0.999 0.477 0.794 0.065 0.500 0.500
0.559 0.493 0.710 0.999 0.478 0.794 0.065 0.500 0.500
0.553 0.503 0.712 0.999 0.479 0.752 0.065 0.500 0.500
0.550 0.509 0.713 1.000 0.480 0.669 0.065 0.500 0.500
0.546 0.520 0.712 0.999 0.480 0.500 0.202 0.500 0.500
0.531 0.533 0.712 0.999 0.480 0.500 0.381 0.500 0.500
0.534 0.518 0.711 0.999 0.496 0.476 0.500 0.500 0.500
0.535 0.520 0.714 1.000 0.497 0.443 0.500 0.500 0.500
0.534 0.526 0.713 0.999 0.502 0.439 0.500 0.500 0.500
0.537 0.529 0.714 1.000 0.499 0.347 0.500 0.500 0.500
0.535 0.532 0.710 1.000 0.499 0.347 0.500 0.500 0.500
0.535 0.517 0.715 0.992 0.506 0.489 0.500 0.500 0.500
0.534 0.521 0.714 1.000 0.506 0.451 0.500 0.500 0.500
0.534 0.523 0.711 0.999 0.504 0.451 0.500 0.500 0.500
0.536 0.523 0.715 1.000 0.507 0.426 0.500 0.500 0.500
0.538 0.525 0.712 1.000 0.508 0.297 0.476 0.500 0.500
0.542 0.532 0.712 1.000 0.510 0.297 0.472 0.500 0.500
0.542 0.533 0.712 0.999 0.508 0.297 0.472 0.500 0.500
0.538 0.530 0.713 1.000 0.510 0.297 0.472 0.500 0.500
0.536 0.527 0.714 1.000 0.514 0.297 0.472 0.500 0.500
0.537 0.525 0.714 1.000 0.513 0.297 0.472 0.500 0.500
0.535 0.521 0.715 1.000 0.513 0.285 0.472 0.500 0.500
0.535 0.518 0.715 1.000 0.512 0.273 0.472 0.500 0.500
0.536 0.518 0.715 1.000 0.513 0.273 0.472 0.500 0.500
0.539 0.515 0.715 1.000 0.514 0.293 0.439 0.500 0.500
0.541 0.512 0.714 1.000 0.514 0.318 0.393 0.500 0.500
0.545 0.510 0.713 1.000 0.516 0.318 0.372 0.500 0.500
0.545 0.508 0.713 1.000 0.516 0.318 0.356 0.500 0.500
0.544 0.505 0.714 1.000 0.517 0.393 0.335 0.500 0.500
0.545 0.499 0.713 0.999 0.517 0.393 0.331 0.500 0.500
0.544 0.497 0.713 0.999 0.518 0.393 0.331 0.500 0.500
0.540 0.496 0.714 0.999 0.517 0.493 0.331 0.500 0.500
0.536 0.494 0.715 0.999 0.518 0.500 0.331 0.500 0.500
0.533 0.496 0.715 0.999 0.520 0.500 0.439 0.500 0.500
0.529 0.501 0.716 0.999 0.526 0.500 0.497 0.500 0.500
0.529 0.501 0.716 0.999 0.525 0.500 0.443 0.500 0.500
0.534 0.501 0.715 0.999 0.525 0.500 0.439 0.500 0.500
0.535 0.502 0.715 0.999 0.525 0.500 0.439 0.500 0.500
0.535 0.503 0.715 0.999 0.523 0.500 0.439 0.500 0.500
0.528 0.500 0.715 0.999 0.522 0.500 0.456 0.500 0.500
0.531 0.501 0.715 0.999 0.521 0.500 0.439 0.500 0.500
0.533 0.503 0.714 0.999 0.522 0.500 0.439 0.500 0.500
0.532 0.502 0.714 0.999 0.522 0.500 0.439 0.500 0.500
0.529 0.500 0.714 0.999 0.522 0.500 0.439 0.500 0.500
0.530 0.501 0.714 0.999 0.521 0.500 0.439 0.500 0.500
0.527 0.498 0.714 0.999 0.521 0.500 0.476 0.500 0.500
0.528 0.498 0.714 0.999 0.520 0.500 0.476 0.500 0.500
0.530 0.499 0.713 0.999 0.520 0.500 0.464 0.500 0.500
0.530 0.500 0.713 1.000 0.522 0.500 0.431 0.500 0.500
0.530 0.499 0.713 0.999 0.521 0.500 0.426 0.500 0.500
0.524 0.501 0.713 1.000 0.520 0.500 0.497 0.500 0.500
0.525 0.501 0.713 1.000 0.519 0.500 0.439 0.500 0.500
0.529 0.501 0.712 1.000 0.518 0.500 0.439 0.500 0.500
0.529 0.500 0.712 1.000 0.520 0.500 0.439 0.500 0.500
0.527 0.499 0.712 0.999 0.517 0.500 0.485 0.500 0.500
0.522 0.498 0.713 1.000 0.514 0.500 0.485 0.500 0.500
0.523 0.498 0.712 0.999 0.513 0.500 0.485 0.500 0.500
0.524 0.501 0.712 1.000 0.510 0.500 0.472 0.500 0.500
0.524 0.501 0.712 1.000 0.511 0.500 0.464 0.500 0.500
0.524 0.499 0.713 1.000 0.516 0.500 0.456 0.500 0.500
0.525 0.499 0.713 1.000 0.515 0.500 0.476 0.500 0.500
0.524 0.502 0.712 0.997 0.509 0.500 0.476 0.500 0.500
0.525 0.501 0.711 1.000 0.509 0.500 0.476 0.500 0.500
0.524 0.499 0.712 1.000 0.508 0.500 0.476 0.500 0.500
0.523 0.496 0.712 1.000 0.509 0.500 0.476 0.500 0.500
0.523 0.497 0.713 0.999 0.491 0.500 0.472 0.500 0.500
0.524 0.497 0.713 0.999 0.491 0.500 0.472 0.500 0.500
0.521 0.496 0.713 1.000 0.491 0.500 0.472 0.500 0.500
0.522 0.498 0.712 0.999 0.487 0.500 0.456 0.500 0.500
0.525 0.497 0.714 1.000 0.486 0.500 0.456 0.500 0.500
0.525 0.495 0.714 1.000 0.487 0.500 0.476 0.500 0.500
0.520 0.497 0.714 0.999 0.482 0.500 0.464 0.500 0.500
0.524 0.495 0.714 1.000 0.481 0.500 0.464 0.500 0.500
0.524 0.494 0.714 1.000 0.480 0.500 0.485 0.500 0.500
0.519 0.494 0.715 0.999 0.475 0.500 0.456 0.500 0.500
0.522 0.493 0.715 0.999 0.477 0.500 0.443 0.500 0.500
0.524 0.492 0.715 0.999 0.475 0.500 0.443 0.500 0.500
0.523 0.493 0.716 0.999 0.476 0.500 0.464 0.500 0.500
0.520 0.491 0.715 0.999 0.476 0.500 0.489 0.500 0.500
0.365 0.462 0.723 1.000 0.508 0.500 0.736 0.500 0.500
0.368 0.462 0.723 1.000 0.508 0.500 0.736 0.500 0.500
0.373 0.463 0.724 1.000 0.508 0.500 0.736 0.500 0.500
0.375 0.463 0.724 1.000 0.509 0.500 0.736 0.500 0.500
0.379 0.460 0.724 1.000 0.508 0.500 0.736 0.500 0.500
0.382 0.461 0.725 1.000 0.509 0.500 0.757 0.500 0.500
0.381 0.462 0.726 1.000 0.507 0.500 0.769 0.500 0.500
0.382 0.462 0.723 1.000 0.509 0.500 0.769 0.500 0.500
0.380 0.460 0.722 1.000 0.511 0.500 0.769 0.500 0.500
0.381 0.462 0.725 1.000 0.511 0.500 0.769 0.500 0.500
0.383 0.462 0.723 1.000 0.509 0.500 0.769 0.500 0.500
0.384 0.463 0.724 1.000 0.508 0.500 0.769 0.500 0.500
0.387 0.461 0.724 1.000 0.509 0.532 0.769 0.500 0.500
0.391 0.460 0.725 1.000 0.509 0.569 0.769 0.500 0.500
0.393 0.459 0.725 1.000 0.509 0.594 0.769 0.500 0.500
0.396 0.456 0.725 1.000 0.509 0.657 0.769 0.500 0.500
0.399 0.455 0.727 1.000 0.507 0.682 0.769 0.500 0.500
0.399 0.452 0.723 1.000 0.504 0.703 0.769 0.500 0.500
0.401 0.449 0.723 1.000 0.506 0.748 0.723 0.500 0.500
0.405 0.451 0.725 1.000 0.504 0.752 0.707 0.500 0.500
0.410 0.451 0.725 1.000 0.503 0.752 0.665 0.500 0.500
0.410 0.454 0.729 1.000 0.504 0.752 0.661 0.500 0.500
0.415 0.463 0.730 1.000 0.501 0.752 0.653 0.500 0.500
0.418 0.467 0.731 1.000 0.502 0.736 0.648 0.500 0.500
0.419 0.470 0.730 1.000 0.502 0.549 0.611 0.500 0.500
0.419 0.473 0.728 1.000 0.501 0.500 0.544 0.500 0.500
0.419 0.492 0.734 1.000 0.500 0.500 0.528 0.500 0.500
0.425 0.498 0.731 0.999 0.501 0.500 0.528 0.500 0.500
0.427 0.496 0.733 0.999 0.499 0.500 0.528 0.500 0.500
0.426 0.493 0.732 0.999 0.499 0.500 0.528 0.500 0.500
0.423 0.491 0.733 1.000 0.498 0.500 0.528 0.500 0.500
0.421 0.488 0.732 1.000 0.494 0.500 0.528 0.500 0.500
0.419 0.484 0.731 0.999 0.494 0.500 0.557 0.500 0.500
0.418 0.481 0.729 1.000 0.498 0.500 0.569 0.500 0.500
0.414 0.479 0.729 1.000 0.500 0.500 0.615 0.500 0.500
0.414 0.479 0.727 0.966 0.496 0.500 0.623 0.500 0.500
0.409 0.480 0.725 1.000 0.498 0.500 0.623 0.500 0.500
0.407 0.480 0.728 1.000 0.497 0.500 0.623 0.500 0.500
0.413 0.482 0.726 1.000 0.500 0.500 0.623 0.500 0.500
0.415 0.481 0.729 1.000 0.499 0.500 0.648 0.500 0.500
0.417 0.481 0.726 1.000 0.501 0.500 0.665 0.500 0.500
0.416 0.481 0.728 1.000 0.500 0.500 0.665 0.500 0.500
0.417 0.482 0.726 1.000 0.500 0.500 0.665 0.500 0.500
0.417 0.483 0.728 1.000 0.499 0.500 0.665 0.500 0.500
0.418 0.483 0.728 1.000 0.499 0.500 0.665 0.500 0.500
0.421 0.481 0.728 1.000 0.501 0.500 0.665 0.500 0.500
0.426 0.480 0.729 1.000 0.500 0.500 0.673 0.500 0.500
0.428 0.480 0.729 1.000 0.500 0.500 0.673 0.500 0.500
0.429 0.481 0.730 1.000 0.498 0.500 0.673 0.500 0.500
0.428 0.481 0.729 1.000 0.500 0.500 0.673 0.500 0.500
0.428 0.482 0.729 1.000 0.500 0.500 0.673 0.500 0.500
0.428 0.482 0.729 1.000 0.500 0.500 0.673 0.500 0.500
0.429 0.481 0.728 0.999 0.492 0.500 0.673 0.500 0.500
0.432 0.481 0.729 1.000 0.500 0.500 0.673 0.500 0.500
0.433 0.482 0.729 1.000 0.500 0.500 0.673 0.500 0.500
0.436 0.482 0.729 1.000 0.500 0.500 0.673 0.500 0.500
0.438 0.483 0.729 0.980 0.500 0.500 0.673 0.500 0.500
0.438 0.485 0.729 1.000 0.500 0.500 0.673 0.500 0.500
0.441 0.485 0.728 0.999 0.493 0.500 0.673 0.500 0.500
0.441 0.484 0.729 1.000 0.496 0.500 0.673 0.500 0.500
0.442 0.485 0.731 1.000 0.492 0.500 0.628 0.500 0.500
0.444 0.483 0.732 0.985 0.493 0.500 0.603 0.500 0.500
0.446 0.484 0.731 1.000 0.490 0.500 0.590 0.500 0.500
0.450 0.484 0.732 1.000 0.490 0.500 0.565 0.500 0.500
0.452 0.484 0.732 1.000 0.493 0.500 0.515 0.500 0.500
0.453 0.484 0.733 1.000 0.488 0.500 0.507 0.500 0.500
0.450 0.487 0.731 1.000 0.484 0.500 0.532 0.500 0.500
0.449 0.486 0.730 1.000 0.481 0.500 0.540 0.500 0.500
0.446 0.485 0.730 1.000 0.479 0.500 0.553 0.500 0.500
0.445 0.485 0.729 1.000 0.480 0.500 0.565 0.500 0.500
0.443 0.486 0.729 1.000 0.480 0.500 0.569 0.500 0.500
0.442 0.486 0.729 0.999 0.478 0.500 0.569 0.500 0.500
0.444 0.485 0.730 0.999 0.476 0.500 0.569 0.500 0.500
0.447 0.486 0.729 0.999 0.476 0.500 0.569 0.500 0.500
0.448 0.485 0.730 0.999 0.475 0.500 0.569 0.500 0.500
0.446 0.486 0.729 0.999 0.475 0.500 0.569 0.500 0.500
0.447 0.487 0.729 0.999 0.475 0.500 0.569 0.500 0.500
0.450 0.486 0.729 0.999 0.474 0.500 0.569 0.500 0.500
0.451 0.487 0.729 0.999 0.475 0.500 0.569 0.500 0.500
0.451 0.486 0.729 0.999 0.475 0.500 0.578 0.500 0.500
0.452 0.484 0.730 0.999 0.475 0.500 0.590 0.500 0.500
0.454 0.485 0.730 0.999 0.476 0.500 0.594 0.500 0.500
0.454 0.487 0.730 0.999 0.475 0.500 0.594 0.500 0.500
0.452 0.487 0.729 0.999 0.472 0.500 0.594 0.500 0.500
0.457 0.487 0.729 0.999 0.468 0.500 0.503 0.500 0.500
0.458 0.485 0.730 0.999 0.468 0.500 0.503 0.500 0.500
0.457 0.485 0.729 0.999 0.466 0.500 0.507 0.500 0.500
0.457 0.484 0.730 0.999 0.467 0.500 0.507 0.500 0.500
0.457 0.485 0.729 0.999 0.465 0.500 0.507 0.500 0.500
0.457 0.486 0.729 0.999 0.467 0.500 0.515 0.500 0.500
0.459 0.485 0.730 0.999 0.465 0.500 0.515 0.500 0.500
0.456 0.484 0.729 0.999 0.466 0.500 0.519 0.500 0.500
0.457 0.485 0.729 0.999 0.464 0.500 0.519 0.500 0.500
0.457 0.486 0.729 0.999 0.465 0.500 0.519 0.500 0.500
0.458 0.486 0.729 0.999 0.463 0.500 0.519 0.500 0.500
0.459 0.486 0.729 0.999 0.463 0.500 0.557 0.500 0.500
0.459 0.487 0.728 0.999 0.463 0.500 0.569 0.500 0.500
0.455 0.485 0.728 0.999 0.463 0.500 0.569 0.500 0.500
0.456 0.485 0.728 0.999 0.463 0.500 0.569 0.500 0.500
0.458 0.487 0.728 0.999 0.463 0.500 0.569 0.500 0.500
0.459 0.488 0.728 0.999 0.462 0.500 0.569 0.500 0.500
0.458 0.487 0.728 0.999 0.462 0.500 0.540 0.500 0.500
0.460 0.487 0.728 0.998 0.461 0.500 0.519 0.500 0.500
0.463 0.485 0.728 0.998 0.461 0.500 0.519 0.500 0.500
0.462 0.487 0.728 0.999 0.462 0.500 0.540 0.500 0.500
0.461 0.486 0.728 0.999 0.463 0.500 0.540 0.500 0.500
0.460 0.486 0.727 0.999 0.462 0.500 0.540 0.500 0.500
0.459 0.490 0.727 0.991 0.465 0.500 0.540 0.500 0.500
0.459 0.488 0.727 0.999 0.463 0.500 0.540 0.500 0.500
0.459 0.486 0.726 0.999 0.464 0.500 0.540 0.500 0.500
0.462 0.487 0.727 0.999 0.462 0.500 0.540 0.500 0.500
0.462 0.487 0.727 0.998 0.461 0.500 0.540 0.500 0.500
0.463 0.487 0.726 0.998 0.460 0.500 0.515 0.500 0.500
0.465 0.487 0.725 0.998 0.458 0.532 0.500 0.500 0.500
0.463 0.485 0.725 0.998 0.457 0.532 0.500 0.500 0.500
0.464 0.489 0.725 0.998 0.457 0.500 0.507 0.500 0.500
0.463 0.487 0.725 0.998 0.458 0.500 0.519 0.500 0.500
0.463 0.487 0.724 0.998 0.459 0.500 0.540 0.500 0.500
0.463 0.487 0.724 0.998 0.457 0.500 0.540 0.500 0.500
0.464 0.487 0.724 0.998 0.457 0.500 0.544 0.500 0.500
0.463 0.489 0.724 0.998 0.457 0.500 0.544 0.500 0.500
0.461 0.489 0.724 0.998 0.457 0.500 0.544 0.500 0.500
0.462 0.489 0.724 0.998 0.456 0.500 0.544 0.500 0.500
0.464 0.488 0.724 0.998 0.456 0.500 0.544 0.500 0.500
0.465 0.487 0.725 0.998 0.457 0.500 0.503 0.500 0.500
0.468 0.488 0.725 0.998 0.456 0.500 0.565 0.500 0.500
0.468 0.485 0.724 0.998 0.456 0.500 0.569 0.500 0.500
0.461 0.485 0.723 0.998 0.455 0.500 0.569 0.500 0.500
0.461 0.486 0.723 0.998 0.457 0.500 0.569 0.500 0.500
0.462 0.486 0.724 0.998 0.458 0.500 0.569 0.500 0.500
0.461 0.485 0.723 0.998 0.458 0.500 0.569 0.500 0.500
0.462 0.485 0.723 0.998 0.459 0.500 0.569 0.500 0.500
0.464 0.485 0.724 0.998 0.458 0.500 0.569 0.500 0.500
0.466 0.485 0.724 0.998 0.457 0.500 0.569 0.500 0.500
0.466 0.487 0.724 0.998 0.457 0.500 0.569 0.500 0.500
0.467 0.486 0.724 0.998 0.456 0.500 0.569 0.500 0.500
0.469 0.486 0.724 0.998 0.457 0.500 0.540 0.500 0.500
0.468 0.487 0.723 0.998 0.452 0.544 0.500 0.500 0.500
0.470 0.484 0.723 0.998 0.451 0.557 0.500 0.500 0.500
0.470 0.481 0.722 0.997 0.450 0.557 0.500 0.500 0.500
0.470 0.478 0.722 0.997 0.449 0.557 0.500 0.500 0.500
0.469 0.481 0.722 0.997 0.448 0.557 0.500 0.500 0.500
0.468 0.483 0.722 0.997 0.449 0.557 0.500 0.500 0.500
0.468 0.486 0.722 0.997 0.448 0.503 0.500 0.500 0.500
0.472 0.486 0.721 0.997 0.444 0.500 0.503 0.500 0.500
0.469 0.483 0.720 0.997 0.444 0.500 0.528 0.500 0.500
0.467 0.484 0.721 0.997 0.444 0.500 0.553 0.500 0.500
0.467 0.485 0.721 0.997 0.445 0.500 0.553 0.500 0.500
0.466 0.483 0.720 0.997 0.446 0.500 0.553 0.500 0.500
0.465 0.483 0.721 0.991 0.446 0.500 0.553 0.500 0.500
0.467 0.484 0.721 0.997 0.445 0.500 0.553 0.500 0.500
0.468 0.485 0.720 0.997 0.443 0.500 0.553 0.500 0.500
0.470 0.485 0.720 0.997 0.443 0.500 0.553 0.500 0.500
0.469 0.484 0.720 0.997 0.442 0.500 0.553 0.500 0.500
0.469 0.484 0.720 0.997 0.442 0.500 0.553 0.500 0.500
0.471 0.483 0.720 0.996 0.441 0.500 0.553 0.500 0.500
0.471 0.483 0.720 0.996 0.440 0.500 0.565 0.500 0.500
0.471 0.485 0.720 0.996 0.441 0.500 0.565 0.500 0.500
0.471 0.484 0.720 0.997 0.442 0.500 0.565 0.500 0.500
0.471 0.485 0.720 0.996 0.441 0.500 0.565 0.500 0.500
0.471 0.485 0.720 0.996 0.440 0.500 0.565 0.500 0.500
0.473 0.484 0.719 0.996 0.440 0.500 0.565 0.500 0.500
0.476 0.485 0.720 0.996 0.440 0.500 0.565 0.500 0.500
0.476 0.485 0.720 0.996 0.439 0.500 0.565 0.500 0.500
0.475 0.485 0.720 0.996 0.439 0.500 0.565 0.500 0.500
0.477 0.484 0.720 0.996 0.438 0.500 0.565 0.500 0.500
0.476 0.481 0.719 0.996 0.438 0.500 0.565 0.500 0.500
0.477 0.481 0.719 0.996 0.440 0.500 0.565 0.500 0.500
0.478 0.481 0.720 0.996 0.440 0.500 0.565 0.500 0.500
0.476 0.485 0.719 0.992 0.439 0.500 0.565 0.500 0.500
0.476 0.485 0.719 0.996 0.438 0.500 0.565 0.500 0.500
0.478 0.484 0.719 0.996 0.438 0.500 0.565 0.500 0.500
0.480 0.483 0.719 0.996 0.439 0.500 0.565 0.500 0.500
0.481 0.484 0.719 0.996 0.438 0.500 0.565 0.500 0.500
0.481 0.483 0.719 0.996 0.438 0.500 0.569 0.500 0.500
0.482 0.481 0.719 0.996 0.436 0.500 0.578 0.500 0.500
0.482 0.482 0.719 0.996 0.436 0.500 0.578 0.500 0.500
0.482 0.482 0.719 0.996 0.436 0.500 0.578 0.500 0.500
0.481 0.482 0.719 0.996 0.438 0.500 0.578 0.500 0.500
0.482 0.483 0.719 0.993 0.437 0.500 0.578 0.500 0.500
0.484 0.484 0.719 0.992 0.436 0.500 0.578 0.500 0.500
0.485 0.484 0.719 0.996 0.435 0.500 0.578 0.500 0.500
0.484 0.485 0.720 0.996 0.436 0.500 0.578 0.500 0.500
0.486 0.484 0.720 0.996 0.436 0.500 0.578 0.500 0.500
0.485 0.481 0.719 0.996 0.438 0.500 0.590 0.500 0.500
0.485 0.481 0.719 0.996 0.436 0.500 0.590 0.500 0.500
0.484 0.482 0.719 0.996 0.438 0.500 0.590 0.500 0.500
0.487 0.484 0.720 0.996 0.437 0.500 0.590 0.500 0.500
0.487 0.486 0.720 0.994 0.437 0.500 0.590 0.500 0.500
0.485 0.486 0.719 0.996 0.436 0.500 0.565 0.500 0.500
0.489 0.484 0.719 0.996 0.436 0.500 0.565 0.500 0.500
0.490 0.483 0.720 0.996 0.437 0.500 0.557 0.500 0.500
0.489 0.481 0.720 0.996 0.436 0.500 0.557 0.500 0.500
0.491 0.481 0.720 0.996 0.438 0.500 0.553 0.500 0.500
0.492 0.481 0.719 0.993 0.437 0.500 0.553 0.500 0.500
0.491 0.483 0.720 0.994 0.436 0.500 0.544 0.500 0.500
0.492 0.483 0.721 0.996 0.437 0.500 0.544 0.500 0.500
0.494 0.484 0.720 0.996 0.439 0.500 0.544 0.500 0.500
0.494 0.485 0.721 0.996 0.438 0.500 0.544 0.500 0.500
0.491 0.485 0.721 0.995 0.439 0.500 0.544 0.500 0.500
0.492 0.484 0.720 0.996 0.438 0.500 0.544 0.500 0.500
0.492 0.483 0.721 0.996 0.438 0.500 0.594 0.500 0.500
0.490 0.483 0.721 0.994 0.438 0.500 0.603 0.500 0.500
0.487 0.483 0.721 0.995 0.438 0.500 0.603 0.500 0.500
0.485 0.482 0.720 0.996 0.439 0.500 0.603 0.500 0.500
0.487 0.480 0.721 0.996 0.438 0.500 0.569 0.500 0.500
0.490 0.480 0.721 0.995 0.438 0.500 0.507 0.500 0.500
0.493 0.479 0.721 0.996 0.439 0.500 0.503 0.500 0.500
0.500 0.482 0.722 0.996 0.438 0.500 0.503 0.500 0.500
0.502 0.483 0.722 0.996 0.440 0.500 0.503 0.500 0.500
0.495 0.482 0.723 0.997 0.443 0.565 0.500 0.500 0.500
0.495 0.480 0.723 0.995 0.443 0.549 0.500 0.500 0.500
0.494 0.485 0.723 0.996 0.445 0.594 0.500 0.500 0.500
0.495 0.482 0.723 0.996 0.444 0.603 0.500 0.500 0.500
0.496 0.477 0.723 0.995 0.446 0.503 0.500 0.500 0.500
0.492 0.419 0.725 0.998 0.456 0.524 0.500 0.500 0.500
0.490 0.419 0.724 0.998 0.457 0.536 0.500 0.500 0.500
0.489 0.417 0.724 0.998 0.455 0.590 0.500 0.500 0.500
0.490 0.413 0.722 0.998 0.455 0.615 0.500 0.500 0.500
0.490 0.412 0.722 0.998 0.455 0.615 0.500 0.500 0.500
0.490 0.413 0.722 0.998 0.454 0.615 0.500 0.500 0.500
0.489 0.415 0.722 0.998 0.455 0.615 0.500 0.500 0.500
0.487 0.416 0.723 0.998 0.454 0.615 0.500 0.500 0.500
0.487 0.417 0.723 0.998 0.454 0.615 0.500 0.500 0.500
0.491 0.419 0.724 0.998 0.452 0.615 0.500 0.500 0.500
0.491 0.422 0.724 0.998 0.451 0.615 0.500 0.500 0.500
0.490 0.423 0.724 0.997 0.450 0.628 0.500 0.500 0.500
0.488 0.423 0.724 0.997 0.449 0.682 0.500 0.500 0.500
0.488 0.421 0.723 0.997 0.448 0.682 0.500 0.500 0.500
0.488 0.420 0.722 0.997 0.447 0.682 0.500 0.500 0.500
0.487 0.419 0.722 0.997 0.448 0.682 0.500 0.500 0.500
0.484 0.422 0.722 0.997 0.448 0.682 0.500 0.500 0.500
0.483 0.426 0.723 0.997 0.446 0.682 0.500 0.500 0.500
0.484 0.430 0.724 0.997 0.445 0.682 0.500 0.500 0.500
0.485 0.430 0.724 0.997 0.446 0.682 0.500 0.500 0.500
0.485 0.435 0.725 0.997 0.444 0.615 0.500 0.500 0.500
0.486 0.439 0.726 0.997 0.444 0.611 0.500 0.500 0.500
0.485 0.442 0.726 0.997 0.443 0.603 0.500 0.500 0.500
0.482 0.444 0.726 0.997 0.442 0.549 0.500 0.500 0.500
0.484 0.442 0.725 0.996 0.438 0.503 0.500 0.500 0.500
0.484 0.437 0.723 0.996 0.439 0.544 0.500 0.500 0.500
0.482 0.433 0.722 0.996 0.439 0.557 0.500 0.500 0.500
0.481 0.432 0.721 0.996 0.438 0.565 0.500 0.500 0.500
0.481 0.433 0.721 0.996 0.438 0.565 0.500 0.500 0.500
0.483 0.437 0.723 0.996 0.439 0.565 0.500 0.500 0.500
0.482 0.439 0.723 0.996 0.436 0.569 0.500 0.500 0.500
0.480 0.439 0.723 0.996 0.436 0.569 0.500 0.500 0.500
0.481 0.439 0.723 0.996 0.435 0.569 0.500 0.500 0.500
0.481 0.441 0.723 0.996 0.434 0.569 0.500 0.500 0.500
0.481 0.442 0.723 0.995 0.433 0.578 0.500 0.500 0.500
0.480 0.441 0.723 0.995 0.432 0.590 0.500 0.500 0.500
0.479 0.440 0.722 0.995 0.433 0.603 0.500 0.500 0.500
0.479 0.441 0.722 0.995 0.433 0.603 0.500 0.500 0.500
0.480 0.442 0.722 0.995 0.432 0.611 0.500 0.500 0.500
0.480 0.442 0.723 0.995 0.432 0.611 0.500 0.500 0.500
0.480 0.443 0.723 0.995 0.431 0.611 0.500 0.500 0.500
0.479 0.444 0.723 0.995 0.431 0.611 0.500 0.500 0.500
0.477 0.445 0.722 0.995 0.429 0.611 0.500 0.500 0.500
0.478 0.445 0.723 0.995 0.428 0.611 0.500 0.500 0.500
0.477 0.445 0.723 0.995 0.427 0.611 0.500 0.500 0.500
0.476 0.445 0.722 0.995 0.427 0.611 0.500 0.500 0.500
0.475 0.448 0.723 0.995 0.427 0.611 0.500 0.500 0.500
0.476 0.451 0.723 0.994 0.425 0.615 0.500 0.500 0.500
0.476 0.450 0.723 0.994 0.425 0.648 0.500 0.500 0.500
0.478 0.448 0.722 0.994 0.424 0.648 0.500 0.500 0.500
0.478 0.449 0.722 0.994 0.424 0.648 0.500 0.500 0.500
0.478 0.451 0.722 0.994 0.424 0.648 0.500 0.500 0.500
0.478 0.452 0.723 0.994 0.422 0.648 0.500 0.500 0.500
0.480 0.456 0.724 0.994 0.421 0.648 0.500 0.500 0.500
0.480 0.458 0.724 0.993 0.420 0.648 0.500 0.500 0.500
0.479 0.460 0.724 0.994 0.420 0.648 0.500 0.500 0.500
0.476 0.462 0.725 0.993 0.419 0.565 0.500 0.500 0.500
0.477 0.463 0.724 0.993 0.414 0.544 0.500 0.500 0.500
0.475 0.461 0.724 0.992 0.414 0.544 0.500 0.500 0.500
0.474 0.459 0.723 0.992 0.411 0.569 0.500 0.500 0.500
0.475 0.460 0.724 0.992 0.412 0.569 0.500 0.500 0.500
0.478 0.462 0.724 0.992 0.411 0.578 0.500 0.500 0.500
0.478 0.462 0.724 0.992 0.411 0.578 0.500 0.500 0.500
0.477 0.462 0.724 0.992 0.411 0.578 0.500 0.500 0.500
0.479 0.463 0.725 0.992 0.410 0.578 0.500 0.500 0.500
0.478 0.464 0.724 0.991 0.409 0.578 0.500 0.500 0.500
0.476 0.466 0.725 0.991 0.406 0.578 0.500 0.500 0.500
0.476 0.469 0.724 0.991 0.406 0.582 0.500 0.500 0.500
0.477 0.470 0.725 0.991 0.405 0.582 0.500 0.500 0.500
0.478 0.468 0.725 0.991 0.405 0.582 0.500 0.500 0.500
0.477 0.468 0.725 0.990 0.403 0.582 0.500 0.500 0.500
0.475 0.469 0.725 0.991 0.404 0.582 0.500 0.500 0.500
0.477 0.471 0.725 0.991 0.404 0.582 0.500 0.500 0.500
0.475 0.472 0.725 0.990 0.402 0.582 0.500 0.500 0.500
0.476 0.476 0.726 0.985 0.401 0.582 0.500 0.500 0.500
0.476 0.477 0.726 0.990 0.399 0.582 0.500 0.500 0.500
0.477 0.476 0.726 0.990 0.399 0.582 0.500 0.500 0.500
0.477 0.477 0.726 0.989 0.397 0.582 0.500 0.500 0.500
0.477 0.474 0.726 0.989 0.396 0.557 0.500 0.500 0.500
0.478 0.478 0.729 0.989 0.395 0.524 0.500 0.500 0.500
0.478 0.476 0.728 0.989 0.397 0.532 0.500 0.500 0.500
0.477 0.476 0.728 0.989 0.395 0.532 0.500 0.500 0.500
0.474 0.476 0.727 0.989 0.395 0.532 0.500 0.500 0.500
0.474 0.477 0.728 0.989 0.396 0.532 0.500 0.500 0.500
0.476 0.478 0.728 0.989 0.397 0.532 0.500 0.500 0.500
0.476 0.478 0.728 0.989 0.397 0.532 0.500 0.500 0.500
0.477 0.480 0.728 0.989 0.396 0.511 0.500 0.500 0.500
0.476 0.479 0.729 0.990 0.400 0.511 0.500 0.500 0.500
0.477 0.480 0.729 0.990 0.402 0.511 0.500 0.500 0.500
0.475 0.480 0.729 0.990 0.401 0.511 0.500 0.500 0.500
0.477 0.480 0.729 0.990 0.400 0.511 0.500 0.500 0.500
0.476 0.480 0.729 0.990 0.400 0.511 0.500 0.500 0.500
0.475 0.481 0.729 0.990 0.400 0.511 0.500 0.500 0.500
0.476 0.482 0.729 0.990 0.400 0.549 0.500 0.500 0.500
0.475 0.476 0.729 0.990 0.400 0.549 0.500 0.500 0.500
0.474 0.474 0.728 0.990 0.401 0.549 0.500 0.500 0.500
0.474 0.475 0.728 0.990 0.400 0.549 0.500 0.500 0.500
0.474 0.477 0.728 0.990 0.400 0.549 0.500 0.500 0.500
0.475 0.478 0.729 0.990 0.400 0.549 0.500 0.500 0.500
0.475 0.478 0.729 0.990 0.400 0.549 0.500 0.500 0.500
0.475 0.479 0.729 0.990 0.400 0.549 0.500 0.500 0.500
0.476 0.480 0.728 0.990 0.400 0.511 0.500 0.500 0.500
0.472 0.479 0.728 0.989 0.396 0.557 0.500 0.500 0.500
0.473 0.474 0.727 0.989 0.396 0.594 0.500 0.500 0.500
0.473 0.473 0.727 0.989 0.395 0.603 0.500 0.500 0.500
0.472 0.476 0.728 0.989 0.396 0.603 0.500 0.500 0.500
0.472 0.477 0.729 0.989 0.396 0.603 0.500 0.500 0.500
0.474 0.478 0.729 0.989 0.395 0.603 0.500 0.500 0.500
0.475 0.480 0.728 0.989 0.396 0.603 0.500 0.500 0.500
0.471 0.488 0.728 0.982 0.393 0.500 0.507 0.500 0.500
0.470 0.489 0.729 0.988 0.392 0.500 0.519 0.500 0.500
0.472 0.488 0.729 0.988 0.392 0.500 0.519 0.500 0.500
0.472 0.488 0.728 0.988 0.393 0.500 0.519 0.500 0.500
0.474 0.485 0.728 0.988 0.392 0.500 0.519 0.500 0.500
0.471 0.487 0.728 0.988 0.390 0.500 0.503 0.500 0.500
0.470 0.486 0.728 0.987 0.389 0.500 0.515 0.500 0.500
0.470 0.486 0.727 0.982 0.391 0.500 0.515 0.500 0.500
0.468 0.483 0.727 0.987 0.389 0.500 0.515 0.500 0.500
0.469 0.483 0.727 0.987 0.388 0.500 0.515 0.500 0.500
0.472 0.485 0.728 0.988 0.389 0.500 0.515 0.500 0.500
0.471 0.486 0.728 0.987 0.388 0.511 0.500 0.500 0.500
0.471 0.486 0.728 0.987 0.388 0.549 0.500 0.500 0.500
0.472 0.479 0.726 0.987 0.389 0.615 0.500 0.500 0.500
0.471 0.475 0.726 0.987 0.387 0.615 0.500 0.500 0.500
0.472 0.475 0.726 0.987 0.387 0.615 0.500 0.500 0.500
0.472 0.477 0.727 0.986 0.385 0.582 0.500 0.500 0.500
0.470 0.492 0.727 0.987 0.386 0.500 0.528 0.500 0.500
0.466 0.491 0.726 0.987 0.385 0.500 0.557 0.500 0.500
0.463 0.491 0.727 0.987 0.387 0.500 0.569 0.500 0.500
0.461 0.491 0.727 0.986 0.387 0.500 0.578 0.500 0.500
0.464 0.489 0.727 0.987 0.388 0.500 0.578 0.500 0.500
0.467 0.489 0.727 0.982 0.388 0.500 0.578 0.500 0.500
0.470 0.490 0.727 0.987 0.387 0.500 0.544 0.500 0.500
0.475 0.585 0.722 0.992 0.410 0.306 0.500 0.500 0.500
0.477 0.580 0.724 0.992 0.412 0.306 0.500 0.500 0.500
0.477 0.576 0.724 0.992 0.413 0.306 0.500 0.500 0.500
0.477 0.571 0.726 0.992 0.412 0.306 0.500 0.500 0.500
0.476 0.569 0.726 0.992 0.413 0.306 0.500 0.500 0.500
0.474 0.569 0.725 0.992 0.413 0.306 0.500 0.500 0.500
0.474 0.569 0.724 0.992 0.413 0.177 0.500 0.500 0.500
0.476 0.575 0.723 0.993 0.415 0.306 0.500 0.500 0.500
0.474 0.575 0.722 0.993 0.416 0.177 0.500 0.500 0.500
0.475 0.574 0.722 0.993 0.415 0.177 0.500 0.500 0.500
0.476 0.568 0.724 0.992 0.414 0.177 0.500 0.500 0.500
0.476 0.566 0.724 0.993 0.415 0.177 0.500 0.500 0.500
0.474 0.563 0.724 0.993 0.415 0.177 0.500 0.500 0.500
0.473 0.558 0.725 0.993 0.416 0.177 0.500 0.500 0.500
0.474 0.555 0.725 0.993 0.417 0.268 0.500 0.500 0.500
0.474 0.552 0.726 0.993 0.417 0.177 0.500 0.500 0.500
0.474 0.549 0.726 0.993 0.419 0.177 0.500 0.500 0.500
0.476 0.537 0.727 0.993 0.419 0.335 0.500 0.500 0.500
0.476 0.540 0.726 0.994 0.424 0.493 0.500 0.500 0.500
0.475 0.540 0.726 0.994 0.425 0.493 0.500 0.500 0.500
0.474 0.541 0.725 0.994 0.425 0.493 0.500 0.500 0.500
0.474 0.541 0.726 0.994 0.426 0.468 0.500 0.500 0.500
0.476 0.541 0.726 0.994 0.426 0.468 0.500 0.500 0.500
0.477 0.541 0.726 0.995 0.427 0.464 0.500 0.500 0.500
0.475 0.539 0.726 0.995 0.427 0.464 0.500 0.500 0.500
0.475 0.538 0.726 0.995 0.427 0.464 0.500 0.500 0.500
0.475 0.538 0.725 0.995 0.429 0.464 0.500 0.500 0.500
0.474 0.539 0.726 0.995 0.430 0.464 0.500 0.500 0.500
0.475 0.540 0.726 0.995 0.429 0.464 0.500 0.500 0.500
0.476 0.540 0.725 0.995 0.429 0.464 0.500 0.500 0.500
0.474 0.540 0.724 0.995 0.429 0.443 0.500 0.500 0.500
0.474 0.542 0.725 0.995 0.431 0.385 0.500 0.500 0.500
0.475 0.545 0.725 0.995 0.432 0.385 0.500 0.500 0.500
0.477 0.542 0.725 0.996 0.434 0.385 0.500 0.500 0.500
0.476 0.539 0.726 0.996 0.435 0.385 0.500 0.500 0.500
0.476 0.538 0.725 0.996 0.436 0.381 0.500 0.500 0.500
0.477 0.537 0.726 0.996 0.437 0.381 0.500 0.500 0.500
0.476 0.535 0.726 0.996 0.438 0.381 0.500 0.500 0.500
0.473 0.533 0.726 0.996 0.440 0.381 0.500 0.500 0.500
0.474 0.530 0.725 0.996 0.440 0.381 0.500 0.500 0.500
0.475 0.530 0.725 0.997 0.442 0.381 0.500 0.500 0.500
0.476 0.531 0.726 0.997 0.442 0.381 0.500 0.500 0.500
0.478 0.531 0.726 0.997 0.442 0.406 0.500 0.500 0.500
0.478 0.529 0.726 0.997 0.442 0.418 0.500 0.500 0.500
0.475 0.527 0.726 0.997 0.443 0.418 0.500 0.500 0.500
0.475 0.526 0.726 0.997 0.443 0.418 0.500 0.500 0.500
0.475 0.524 0.726 0.997 0.442 0.418 0.500 0.500 0.500
0.477 0.523 0.726 0.997 0.444 0.418 0.500 0.500 0.500
0.475 0.524 0.725 0.997 0.444 0.418 0.500 0.500 0.500
0.476 0.522 0.726 0.997 0.444 0.481 0.500 0.500 0.500
0.475 0.518 0.726 0.997 0.443 0.489 0.500 0.500 0.500
0.474 0.516 0.726 0.997 0.443 0.489 0.500 0.500 0.500
0.474 0.518 0.725 0.997 0.444 0.489 0.500 0.500 0.500
0.475 0.519 0.725 0.997 0.445 0.489 0.500 0.500 0.500
0.477 0.523 0.724 0.997 0.449 0.493 0.500 0.500 0.500
0.477 0.524 0.724 0.997 0.450 0.489 0.500 0.500 0.500
0.474 0.525 0.724 0.997 0.450 0.489 0.500 0.500 0.500
0.474 0.525 0.723 0.998 0.451 0.489 0.500 0.500 0.500
0.475 0.525 0.724 0.997 0.451 0.489 0.500 0.500 0.500
0.476 0.523 0.724 0.998 0.453 0.481 0.500 0.500 0.500
0.476 0.521 0.723 0.998 0.453 0.481 0.500 0.500 0.500
0.476 0.521 0.724 0.998 0.453 0.481 0.500 0.500 0.500
0.477 0.521 0.724 0.998 0.454 0.481 0.500 0.500 0.500
0.478 0.521 0.724 0.998 0.455 0.481 0.500 0.500 0.500
0.475 0.522 0.723 0.998 0.454 0.481 0.500 0.500 0.500
0.475 0.524 0.723 0.998 0.454 0.481 0.500 0.500 0.500
0.477 0.523 0.723 0.998 0.455 0.481 0.500 0.500 0.500
0.476 0.520 0.723 0.998 0.456 0.481 0.500 0.500 0.500
0.475 0.520 0.723 0.998 0.458 0.481 0.500 0.500 0.500
0.474 0.521 0.723 0.998 0.458 0.481 0.500 0.500 0.500
0.474 0.522 0.723 0.998 0.458 0.476 0.500 0.500 0.500
0.475 0.523 0.723 0.998 0.460 0.476 0.500 0.500 0.500
0.476 0.521 0.723 0.998 0.459 0.476 0.500 0.500 0.500
0.478 0.520 0.723 0.998 0.459 0.476 0.500 0.500 0.500
0.477 0.519 0.722 0.998 0.460 0.476 0.500 0.500 0.500
0.475 0.518 0.722 0.998 0.460 0.476 0.500 0.500 0.500
0.475 0.518 0.723 0.998 0.459 0.476 0.500 0.500 0.500
0.473 0.519 0.722 0.998 0.459 0.476 0.500 0.500 0.500
0.474 0.518 0.722 0.998 0.458 0.476 0.500 0.500 0.500
0.475 0.518 0.722 0.998 0.461 0.476 0.500 0.500 0.500
0.476 0.520 0.722 0.998 0.460 0.476 0.500 0.500 0.500
0.475 0.522 0.722 0.998 0.460 0.476 0.500 0.500 0.500
0.474 0.522 0.722 0.998 0.461 0.476 0.500 0.500 0.500
0.475 0.522 0.722 0.998 0.462 0.476 0.500 0.500 0.500
0.475 0.520 0.722 0.999 0.462 0.476 0.500 0.500 0.500
0.476 0.518 0.722 0.999 0.462 0.464 0.500 0.500 0.500
0.477 0.518 0.722 0.998 0.461 0.456 0.500 0.500 0.500
0.475 0.516 0.722 0.998 0.461 0.456 0.500 0.500 0.500
0.476 0.517 0.723 0.998 0.460 0.456 0.500 0.500 0.500
0.476 0.517 0.722 0.998 0.461 0.456 0.500 0.500 0.500
0.476 0.520 0.722 0.998 0.460 0.456 0.500 0.500 0.500
0.477 0.520 0.722 0.998 0.460 0.456 0.500 0.500 0.500
0.479 0.517 0.723 0.998 0.459 0.456 0.500 0.500 0.500
0.480 0.515 0.724 0.997 0.460 0.456 0.500 0.500 0.500
0.479 0.513 0.723 0.998 0.460 0.456 0.500 0.500 0.500
0.478 0.514 0.723 0.998 0.459 0.451 0.500 0.500 0.500
0.478 0.514 0.723 0.998 0.459 0.451 0.500 0.500 0.500
0.478 0.516 0.723 0.998 0.458 0.451 0.500 0.500 0.500
0.478 0.516 0.723 0.998 0.458 0.451 0.500 0.500 0.500
0.479 0.516 0.723 0.998 0.458 0.451 0.500 0.500 0.500
0.479 0.515 0.723 0.998 0.458 0.451 0.500 0.500 0.500
0.476 0.513 0.723 0.998 0.457 0.451 0.500 0.500 0.500
0.476 0.512 0.723 0.997 0.458 0.451 0.500 0.500 0.500
0.478 0.511 0.723 0.998 0.456 0.451 0.500 0.500 0.500
0.477 0.510 0.723 0.998 0.457 0.451 0.500 0.500 0.500
0.477 0.510 0.724 0.998 0.456 0.451 0.500 0.500 0.500
0.478 0.509 0.723 0.998 0.456 0.468 0.500 0.500 0.500
0.480 0.508 0.724 0.998 0.456 0.489 0.500 0.500 0.500
0.481 0.507 0.724 0.998 0.456 0.489 0.500 0.500 0.500
0.481 0.509 0.723 0.998 0.456 0.493 0.500 0.500 0.500
0.478 0.510 0.724 0.998 0.455 0.489 0.500 0.500 0.500
0.480 0.510 0.724 0.998 0.457 0.481 0.500 0.500 0.500
0.480 0.510 0.724 0.998 0.457 0.481 0.500 0.500 0.500
0.480 0.511 0.724 0.998 0.458 0.481 0.500 0.500 0.500
0.481 0.511 0.724 0.996 0.460 0.481 0.500 0.500 0.500
0.482 0.507 0.724 0.998 0.459 0.481 0.500 0.500 0.500
0.482 0.506 0.724 0.998 0.458 0.481 0.500 0.500 0.500
0.482 0.507 0.725 0.998 0.459 0.481 0.500 0.500 0.500
0.482 0.508 0.724 0.998 0.458 0.481 0.500 0.500 0.500
0.479 0.508 0.724 0.998 0.460 0.500 0.503 0.500 0.500
0.477 0.508 0.724 0.996 0.460 0.500 0.503 0.500 0.500
0.476 0.505 0.723 0.998 0.461 0.500 0.540 0.500 0.500
0.474 0.504 0.723 0.998 0.461 0.500 0.540 0.500 0.500
0.476 0.506 0.723 0.998 0.461 0.500 0.540 0.500 0.500
0.478 0.502 0.722 0.999 0.467 0.500 0.503 0.500 0.500
0.478 0.503 0.723 0.999 0.465 0.500 0.532 0.500 0.500
0.476 0.504 0.722 0.997 0.467 0.500 0.532 0.500 0.500
0.477 0.505 0.722 0.999 0.468 0.500 0.532 0.500 0.500
0.477 0.505 0.722 0.997 0.469 0.500 0.569 0.500 0.500
0.477 0.507 0.722 0.997 0.468 0.500 0.569 0.500 0.500
0.477 0.506 0.722 0.999 0.468 0.500 0.569 0.500 0.500
0.475 0.505 0.722 0.999 0.467 0.500 0.569 0.500 0.500
0.479 0.505 0.722 0.999 0.468 0.500 0.553 0.500 0.500
0.480 0.503 0.722 0.999 0.469 0.500 0.578 0.500 0.500
0.474 0.502 0.721 0.999 0.468 0.500 0.578 0.500 0.500
0.473 0.502 0.721 0.997 0.468 0.500 0.594 0.500 0.500
0.473 0.504 0.721 0.999 0.468 0.500 0.603 0.500 0.500
0.475 0.506 0.721 0.999 0.469 0.500 0.603 0.500 0.500
0.478 0.506 0.721 0.999 0.469 0.500 0.603 0.500 0.500
0.479 0.506 0.721 0.999 0.469 0.500 0.603 0.500 0.500
0.482 0.504 0.721 0.998 0.461 0.500 0.590 0.500 0.500
0.477 0.505 0.721 0.996 0.460 0.500 0.590 0.500 0.500
0.478 0.508 0.721 0.998 0.459 0.500 0.590 0.500 0.500
0.477 0.508 0.721 0.998 0.456 0.500 0.590 0.500 0.500
0.479 0.507 0.721 0.997 0.459 0.500 0.590 0.500 0.500
0.482 0.506 0.722 0.997 0.458 0.500 0.590 0.500 0.500
0.484 0.505 0.722 0.997 0.458 0.500 0.590 0.500 0.500
