0.552 0.555 0.693 0.984 0.624 0.500 0.476 0.500 0.500
0.555 0.557 0.692 0.985 0.623 0.500 0.414 0.500 0.500
0.560 0.559 0.690 0.985 0.622 0.500 0.335 0.500 0.500
0.566 0.558 0.688 0.985 0.620 0.500 0.310 0.500 0.500
0.569 0.557 0.687 0.985 0.620 0.500 0.310 0.500 0.500
0.566 0.556 0.688 0.986 0.618 0.500 0.310 0.500 0.500
0.561 0.555 0.690 0.986 0.619 0.500 0.310 0.500 0.500
0.557 0.556 0.691 0.986 0.619 0.500 0.302 0.500 0.500
0.553 0.555 0.692 0.986 0.619 0.500 0.302 0.500 0.500
0.552 0.555 0.691 0.986 0.617 0.500 0.302 0.500 0.500
0.551 0.555 0.692 0.986 0.615 0.500 0.302 0.500 0.500
0.550 0.556 0.691 0.986 0.616 0.481 0.231 0.500 0.500
0.552 0.558 0.691 0.986 0.616 0.439 0.227 0.500 0.500
0.553 0.560 0.689 0.987 0.614 0.439 0.218 0.500 0.500
0.551 0.560 0.688 0.987 0.614 0.381 0.218 0.500 0.500
0.549 0.564 0.688 0.987 0.614 0.360 0.218 0.500 0.500
0.546 0.563 0.688 0.987 0.615 0.360 0.218 0.500 0.500
0.542 0.561 0.690 0.986 0.616 0.360 0.218 0.500 0.500
0.540 0.558 0.690 0.986 0.616 0.360 0.218 0.500 0.500
0.535 0.555 0.690 0.986 0.617 0.347 0.218 0.500 0.500
0.532 0.554 0.691 0.986 0.617 0.343 0.218 0.500 0.500
0.530 0.553 0.692 0.986 0.617 0.343 0.218 0.500 0.500
0.529 0.552 0.692 0.986 0.616 0.343 0.218 0.500 0.500
0.528 0.550 0.691 0.987 0.615 0.360 0.218 0.500 0.402
0.528 0.546 0.691 0.988 0.608 0.500 0.239 0.500 0.264
0.525 0.536 0.693 0.990 0.599 0.500 0.302 0.500 0.451
0.519 0.536 0.694 0.990 0.597 0.500 0.302 0.500 0.500
0.518 0.536 0.693 0.990 0.596 0.500 0.302 0.500 0.435
0.518 0.537 0.693 0.991 0.592 0.500 0.302 0.500 0.164
0.520 0.540 0.692 0.995 0.572 0.500 0.302 0.500 0.377
0.521 0.541 0.692 0.995 0.567 0.481 0.302 0.500 0.500
0.521 0.543 0.691 0.995 0.567 0.293 0.173 0.500 0.500
0.529 0.555 0.687 0.995 0.567 0.293 0.173 0.500 0.385
0.533 0.557 0.686 0.996 0.560 0.381 0.160 0.500 0.227
0.534 0.547 0.687 0.997 0.548 0.402 0.160 0.500 0.500
0.531 0.543 0.688 0.998 0.547 0.402 0.160 0.500 0.500
0.523 0.536 0.691 0.998 0.546 0.426 0.160 0.500 0.500
0.517 0.532 0.691 0.998 0.545 0.500 0.260 0.500 0.500
0.510 0.526 0.692 0.998 0.544 0.500 0.264 0.500 0.500
0.505 0.527 0.692 0.998 0.542 0.393 0.264 0.500 0.500
0.503 0.536 0.691 0.998 0.541 0.306 0.231 0.500 0.500
0.508 0.545 0.689 0.998 0.541 0.160 0.231 0.500 0.500
0.508 0.557 0.686 0.998 0.538 0.023 0.331 0.500 0.500
0.500 0.563 0.684 0.997 0.536 0.000 0.451 0.500 0.500
0.502 0.522 0.691 0.999 0.528 0.431 0.500 0.500 0.500
0.502 0.531 0.690 0.999 0.528 0.248 0.500 0.500 0.500
0.502 0.542 0.689 0.998 0.526 0.164 0.464 0.500 0.500
0.505 0.544 0.688 0.999 0.527 0.481 0.497 0.500 0.500
0.500 0.507 0.691 0.999 0.522 0.500 0.500 0.500 0.293
0.502 0.510 0.692 1.000 0.513 0.500 0.500 0.500 0.256
0.502 0.520 0.691 0.999 0.495 0.393 0.500 0.500 0.500
0.502 0.526 0.690 0.999 0.499 0.335 0.500 0.500 0.500
0.503 0.530 0.689 1.000 0.496 0.331 0.500 0.500 0.500
0.505 0.530 0.690 0.997 0.498 0.331 0.500 0.500 0.500
0.506 0.527 0.690 1.000 0.494 0.372 0.500 0.500 0.500
0.506 0.502 0.692 0.999 0.492 0.500 0.485 0.500 0.500
0.507 0.502 0.690 0.998 0.493 0.500 0.439 0.500 0.500
0.508 0.506 0.691 1.000 0.491 0.468 0.385 0.500 0.500
0.511 0.510 0.691 1.000 0.489 0.500 0.385 0.500 0.500
0.512 0.509 0.691 0.999 0.488 0.500 0.402 0.500 0.500
0.508 0.512 0.690 0.999 0.486 0.481 0.360 0.500 0.500
0.508 0.515 0.691 1.000 0.487 0.456 0.414 0.500 0.500
0.495 0.512 0.691 0.999 0.490 0.500 0.500 0.500 0.703
0.493 0.511 0.692 1.000 0.500 0.500 0.500 0.472 0.690
0.499 0.514 0.690 1.000 0.511 0.360 0.500 0.500 0.500
0.500 0.520 0.690 1.000 0.512 0.297 0.500 0.500 0.500
0.500 0.524 0.688 1.000 0.511 0.335 0.500 0.500 0.500
0.500 0.506 0.691 1.000 0.516 0.481 0.500 0.500 0.500
0.501 0.509 0.690 0.999 0.517 0.464 0.500 0.500 0.500
0.501 0.510 0.690 0.999 0.518 0.456 0.500 0.500 0.500
0.501 0.512 0.690 0.999 0.517 0.451 0.500 0.500 0.500
0.502 0.511 0.690 0.999 0.519 0.451 0.500 0.500 0.500
0.501 0.507 0.690 0.999 0.524 0.500 0.553 0.500 0.500
0.496 0.505 0.690 0.999 0.525 0.500 0.553 0.500 0.500
0.501 0.506 0.690 0.999 0.529 0.500 0.615 0.500 0.500
0.504 0.505 0.690 0.999 0.526 0.500 0.500 0.500 0.293
0.504 0.506 0.690 1.000 0.520 0.500 0.500 0.500 0.339
0.502 0.506 0.689 0.999 0.512 0.500 0.500 0.500 0.339
0.501 0.502 0.690 0.999 0.510 0.500 0.476 0.500 0.500
0.503 0.503 0.689 1.000 0.506 0.500 0.426 0.500 0.500
0.474 0.558 0.690 0.976 0.346 0.500 0.503 0.500 0.500
0.476 0.556 0.690 0.976 0.346 0.500 0.623 0.500 0.500
0.474 0.557 0.690 0.975 0.345 0.489 0.673 0.500 0.500
0.466 0.556 0.688 0.976 0.346 0.489 0.678 0.500 0.500
0.462 0.556 0.688 0.975 0.345 0.489 0.719 0.500 0.500
0.464 0.555 0.689 0.975 0.344 0.439 0.815 0.500 0.500
0.463 0.556 0.688 0.975 0.345 0.426 0.819 0.500 0.500
0.461 0.560 0.687 0.975 0.346 0.148 0.794 0.500 0.500
0.466 0.566 0.686 0.975 0.346 0.060 0.794 0.500 0.500
0.484 0.565 0.686 0.976 0.349 0.060 0.794 0.500 0.500
0.484 0.556 0.688 0.976 0.348 0.152 0.794 0.500 0.500
0.488 0.546 0.691 0.977 0.349 0.489 0.794 0.500 0.861
0.488 0.514 0.694 0.982 0.372 0.060 0.794 0.500 0.500
0.491 0.511 0.693 0.987 0.392 0.500 0.794 0.500 0.500
0.492 0.515 0.693 0.987 0.393 0.500 0.786 0.500 0.500
0.493 0.524 0.693 0.989 0.394 0.060 0.794 0.500 0.500
0.492 0.531 0.691 0.989 0.396 0.468 0.840 0.500 0.500
0.488 0.538 0.690 0.989 0.396 0.281 0.865 0.500 0.500
0.487 0.553 0.686 0.988 0.396 0.127 0.881 0.500 0.500
0.489 0.560 0.683 0.988 0.396 0.127 0.881 0.500 0.500
0.493 0.560 0.684 0.988 0.397 0.127 0.881 0.500 0.500
0.497 0.554 0.686 0.988 0.397 0.127 0.844 0.500 0.599
0.504 0.543 0.688 0.990 0.404 0.318 0.611 0.500 0.752
0.523 0.513 0.689 0.992 0.413 0.500 0.472 0.500 0.500
0.520 0.517 0.689 0.992 0.413 0.500 0.431 0.500 0.500
0.517 0.521 0.689 0.992 0.414 0.464 0.476 0.500 0.500
0.515 0.525 0.689 0.992 0.412 0.356 0.489 0.500 0.500
0.512 0.538 0.687 0.992 0.412 0.281 0.489 0.500 0.500
0.511 0.543 0.686 0.991 0.411 0.281 0.489 0.500 0.500
0.510 0.539 0.686 0.992 0.411 0.281 0.489 0.500 0.524
0.508 0.535 0.687 0.993 0.416 0.281 0.489 0.500 0.802
0.507 0.532 0.688 0.995 0.427 0.500 0.500 0.500 0.819
0.507 0.512 0.689 0.997 0.446 0.500 0.500 0.500 0.603
0.506 0.516 0.689 0.998 0.454 0.493 0.500 0.500 0.790
0.508 0.523 0.688 0.999 0.469 0.310 0.406 0.500 0.500
0.513 0.535 0.686 0.999 0.469 0.110 0.285 0.500 0.500
0.522 0.551 0.681 0.997 0.470 0.065 0.264 0.500 0.500
0.522 0.550 0.681 0.998 0.471 0.152 0.264 0.500 0.500
0.520 0.537 0.684 0.998 0.471 0.318 0.264 0.500 0.500
0.487 0.491 0.687 0.997 0.473 0.500 0.500 0.500 0.574
0.494 0.508 0.687 0.999 0.477 0.500 0.565 0.500 0.500
0.492 0.510 0.687 0.999 0.477 0.500 0.565 0.500 0.500
0.496 0.510 0.687 0.999 0.478 0.500 0.503 0.500 0.500
0.502 0.513 0.688 1.000 0.479 0.468 0.500 0.500 0.500
0.502 0.518 0.687 1.000 0.482 0.418 0.500 0.500 0.500
0.500 0.521 0.687 1.000 0.482 0.418 0.500 0.500 0.500
0.498 0.520 0.687 1.000 0.481 0.414 0.500 0.500 0.500
0.498 0.519 0.687 0.999 0.484 0.414 0.500 0.500 0.500
0.499 0.517 0.687 1.000 0.482 0.443 0.540 0.493 0.500
0.497 0.509 0.688 1.000 0.485 0.500 0.515 0.500 0.500
0.498 0.506 0.688 1.000 0.485 0.500 0.528 0.500 0.500
0.497 0.506 0.688 0.999 0.485 0.500 0.557 0.500 0.500
0.494 0.506 0.688 0.999 0.484 0.500 0.611 0.500 0.500
0.491 0.507 0.689 0.999 0.485 0.500 0.628 0.500 0.500
0.491 0.509 0.689 0.999 0.486 0.500 0.628 0.500 0.500
0.493 0.509 0.689 0.999 0.487 0.500 0.628 0.500 0.500
0.494 0.510 0.689 1.000 0.488 0.500 0.628 0.500 0.500
0.497 0.512 0.688 1.000 0.491 0.500 0.590 0.500 0.500
0.501 0.513 0.688 0.999 0.490 0.468 0.528 0.500 0.500
0.505 0.514 0.688 1.000 0.492 0.372 0.500 0.500 0.500
0.511 0.529 0.687 0.995 0.490 0.015 0.485 0.500 0.500
0.511 0.544 0.685 0.997 0.489 0.223 0.485 0.500 0.500
0.509 0.535 0.687 0.997 0.494 0.406 0.485 0.500 0.500
0.508 0.507 0.689 0.998 0.493 0.500 0.485 0.500 0.500
0.506 0.495 0.690 1.000 0.494 0.500 0.485 0.500 0.500
0.502 0.508 0.690 0.999 0.499 0.356 0.500 0.500 0.500
0.501 0.518 0.687 1.000 0.500 0.347 0.500 0.500 0.500
0.501 0.507 0.689 0.999 0.503 0.481 0.500 0.500 0.500
0.500 0.510 0.690 0.999 0.507 0.439 0.532 0.500 0.500
0.499 0.512 0.690 0.999 0.505 0.426 0.532 0.500 0.500
0.497 0.513 0.689 0.999 0.504 0.426 0.532 0.500 0.500
0.497 0.510 0.690 1.000 0.505 0.464 0.532 0.500 0.500
0.497 0.505 0.690 0.999 0.506 0.500 0.532 0.500 0.500
0.497 0.503 0.690 0.999 0.507 0.500 0.532 0.500 0.500
0.500 0.500 0.690 0.999 0.506 0.500 0.532 0.500 0.500
0.503 0.505 0.691 1.000 0.509 0.500 0.500 0.500 0.327
0.504 0.506 0.692 1.000 0.500 0.500 0.500 0.500 0.360
0.502 0.511 0.690 0.998 0.496 0.268 0.500 0.500 0.500
0.501 0.524 0.691 0.999 0.492 0.310 0.503 0.500 0.500
0.502 0.502 0.691 0.999 0.499 0.500 0.544 0.500 0.500
0.500 0.505 0.694 1.000 0.499 0.500 0.540 0.500 0.500
0.497 0.506 0.695 0.999 0.499 0.500 0.503 0.500 0.500
0.499 0.505 0.696 1.000 0.500 0.476 0.519 0.500 0.500
0.500 0.507 0.694 0.998 0.503 0.476 0.519 0.500 0.500
0.500 0.507 0.694 0.998 0.505 0.489 0.500 0.500 0.500
0.499 0.510 0.694 0.997 0.507 0.402 0.594 0.500 0.500
0.496 0.511 0.695 0.999 0.504 0.500 0.507 0.500 0.500
0.503 0.504 0.696 1.000 0.501 0.500 0.500 0.500 0.306
0.503 0.504 0.697 1.000 0.492 0.500 0.500 0.500 0.364
0.501 0.508 0.697 1.000 0.487 0.248 0.500 0.500 0.500
0.501 0.521 0.696 0.999 0.489 0.443 0.500 0.500 0.500
0.503 0.502 0.696 0.998 0.487 0.500 0.500 0.500 0.574
0.501 0.505 0.697 0.999 0.491 0.500 0.500 0.500 0.540
0.500 0.505 0.696 0.997 0.495 0.500 0.532 0.500 0.500
0.499 0.506 0.696 0.999 0.496 0.500 0.532 0.500 0.500
0.505 0.508 0.696 0.999 0.496 0.414 0.472 0.500 0.500
0.505 0.510 0.696 0.998 0.495 0.500 0.472 0.500 0.500
0.502 0.503 0.699 1.000 0.495 0.464 0.500 0.500 0.500
0.502 0.507 0.696 0.998 0.497 0.464 0.500 0.500 0.500
0.501 0.504 0.697 0.999 0.495 0.489 0.500 0.500 0.500
0.502 0.507 0.698 0.998 0.494 0.343 0.528 0.500 0.500
0.500 0.502 0.697 0.999 0.491 0.500 0.532 0.500 0.500
0.496 0.506 0.697 0.999 0.491 0.500 0.532 0.500 0.500
0.501 0.506 0.697 0.999 0.489 0.500 0.636 0.500 0.500
0.492 0.506 0.696 0.999 0.490 0.500 0.569 0.500 0.500
0.504 0.505 0.697 1.000 0.492 0.500 0.507 0.500 0.500
0.504 0.505 0.696 0.999 0.489 0.500 0.507 0.500 0.500
0.502 0.506 0.697 1.000 0.492 0.476 0.532 0.500 0.500
0.499 0.510 0.697 1.000 0.490 0.451 0.565 0.500 0.500
0.496 0.510 0.696 0.999 0.492 0.481 0.565 0.500 0.500
0.502 0.504 0.696 0.999 0.487 0.500 0.515 0.500 0.500
0.501 0.504 0.697 0.999 0.485 0.500 0.515 0.500 0.500
0.501 0.504 0.696 0.999 0.484 0.500 0.553 0.500 0.500
0.497 0.504 0.696 0.999 0.483 0.500 0.553 0.500 0.500
0.497 0.503 0.696 0.999 0.483 0.500 0.532 0.500 0.500
0.498 0.503 0.697 1.000 0.483 0.500 0.528 0.500 0.500
0.504 0.505 0.696 1.000 0.486 0.500 0.500 0.500 0.519
0.503 0.505 0.695 0.999 0.488 0.500 0.500 0.500 0.569
0.501 0.505 0.694 0.998 0.493 0.500 0.500 0.500 0.653
0.500 0.507 0.696 1.000 0.500 0.500 0.500 0.500 0.553
0.498 0.506 0.695 0.999 0.502 0.500 0.582 0.500 0.500
0.495 0.508 0.695 0.999 0.503 0.500 0.582 0.500 0.500
0.503 0.507 0.694 0.999 0.504 0.322 0.500 0.500 0.500
0.502 0.517 0.691 0.996 0.501 0.456 0.500 0.500 0.500
0.501 0.503 0.695 1.000 0.503 0.489 0.500 0.500 0.500
0.502 0.503 0.694 0.999 0.507 0.489 0.500 0.500 0.500
0.503 0.504 0.696 1.000 0.509 0.347 0.500 0.500 0.500
0.503 0.517 0.694 0.999 0.506 0.318 0.500 0.500 0.500
0.500 0.501 0.695 0.999 0.512 0.451 0.500 0.500 0.500
0.501 0.504 0.695 1.000 0.514 0.500 0.500 0.500 0.447
0.501 0.505 0.694 0.999 0.518 0.500 0.500 0.500 0.460
0.499 0.506 0.694 0.999 0.514 0.500 0.500 0.500 0.264
0.499 0.506 0.694 0.999 0.507 0.493 0.623 0.500 0.500
0.499 0.506 0.694 1.000 0.510 0.481 0.611 0.500 0.500
0.499 0.505 0.693 1.000 0.516 0.500 0.500 0.500 0.335
0.502 0.504 0.694 0.999 0.515 0.500 0.500 0.500 0.402
0.503 0.505 0.693 0.999 0.513 0.500 0.500 0.500 0.281
0.431 0.497 0.696 0.970 0.330 0.500 0.615 0.500 0.500
0.431 0.499 0.695 0.970 0.330 0.500 0.636 0.500 0.500
0.424 0.497 0.693 0.970 0.329 0.500 0.640 0.500 0.500
0.421 0.498 0.691 0.970 0.329 0.500 0.640 0.500 0.500
0.424 0.499 0.692 0.970 0.330 0.500 0.623 0.528 0.761
0.430 0.496 0.694 0.971 0.332 0.500 0.623 0.544 0.798
0.433 0.490 0.695 0.975 0.345 0.500 0.623 0.565 0.819
0.435 0.487 0.695 0.980 0.360 0.500 0.623 0.574 1.000
0.438 0.485 0.696 0.984 0.376 0.500 0.623 0.519 0.840
0.440 0.481 0.696 0.990 0.400 0.500 0.623 0.500 0.500
0.443 0.478 0.696 0.993 0.415 0.500 0.623 0.500 0.500
0.444 0.478 0.697 0.993 0.416 0.500 0.723 0.500 0.511
0.442 0.478 0.696 0.993 0.416 0.511 0.856 0.500 0.840
0.437 0.477 0.694 0.993 0.418 0.511 0.869 0.519 1.000
0.432 0.474 0.692 0.995 0.431 0.574 0.840 0.500 0.500
0.437 0.467 0.692 0.998 0.457 0.582 0.827 0.500 0.500
0.441 0.466 0.693 0.998 0.457 0.599 0.807 0.500 0.500
0.451 0.464 0.695 0.998 0.458 0.632 0.798 0.500 0.500
0.457 0.464 0.695 0.998 0.458 0.644 0.798 0.500 0.500
0.458 0.462 0.695 0.998 0.459 0.748 0.827 0.500 0.500
0.460 0.462 0.695 0.998 0.459 0.856 0.852 0.500 0.500
0.460 0.457 0.694 0.998 0.459 0.856 0.852 0.500 0.524
0.461 0.452 0.692 0.998 0.459 0.856 0.852 0.503 0.524
0.463 0.454 0.692 0.998 0.460 0.877 0.865 0.500 0.500
0.468 0.457 0.694 0.998 0.461 0.886 0.865 0.500 0.500
0.469 0.462 0.695 0.998 0.461 0.886 0.865 0.500 0.500
0.473 0.467 0.695 0.998 0.459 0.886 0.865 0.500 0.500
0.475 0.473 0.695 0.998 0.458 0.549 0.865 0.500 0.500
0.477 0.483 0.697 0.998 0.458 0.500 0.865 0.500 0.500
0.478 0.508 0.697 0.997 0.457 0.356 0.819 0.500 0.500
0.482 0.519 0.697 0.996 0.456 0.347 0.819 0.500 0.500
0.490 0.526 0.697 0.997 0.459 0.402 0.819 0.500 0.500
0.492 0.518 0.697 0.997 0.457 0.500 0.819 0.500 0.500
0.493 0.505 0.698 0.998 0.455 0.653 0.819 0.500 0.500
0.494 0.488 0.697 0.998 0.454 0.911 0.840 0.500 0.500
0.495 0.476 0.696 0.997 0.453 0.911 0.840 0.500 0.500
0.493 0.452 0.691 0.995 0.454 0.940 0.807 0.500 0.500
0.494 0.452 0.691 0.995 0.453 0.728 0.590 0.500 0.500
0.522 0.517 0.695 0.997 0.450 0.500 0.500 0.500 0.439
0.516 0.512 0.695 0.997 0.450 0.500 0.500 0.500 0.181
0.508 0.500 0.696 0.995 0.434 0.500 0.544 0.500 0.500
0.506 0.499 0.696 0.995 0.434 0.500 0.757 0.500 0.500
0.501 0.498 0.696 0.995 0.435 0.500 0.761 0.500 0.500
0.488 0.499 0.696 0.995 0.435 0.500 0.761 0.500 0.500
0.499 0.498 0.696 0.995 0.433 0.511 0.426 0.500 0.500
0.519 0.496 0.695 0.995 0.433 0.524 0.310 0.500 0.500
0.529 0.495 0.693 0.995 0.431 0.524 0.239 0.500 0.500
0.541 0.494 0.691 0.995 0.433 0.524 0.227 0.500 0.500
0.542 0.495 0.691 0.994 0.434 0.524 0.214 0.500 0.500
0.538 0.495 0.692 0.995 0.434 0.524 0.206 0.500 0.500
0.531 0.496 0.693 0.995 0.433 0.524 0.206 0.500 0.500
0.524 0.497 0.694 0.996 0.435 0.524 0.206 0.500 0.500
0.517 0.499 0.695 0.996 0.436 0.511 0.500 0.500 0.500
0.505 0.499 0.696 0.996 0.437 0.500 0.500 0.519 0.827
0.482 0.498 0.695 0.997 0.455 0.536 0.611 0.500 0.500
0.487 0.497 0.696 0.997 0.456 0.582 0.628 0.500 0.500
0.485 0.495 0.695 0.997 0.458 0.582 0.628 0.500 0.500
0.485 0.492 0.695 0.997 0.459 0.528 0.628 0.500 0.500
0.490 0.494 0.696 0.997 0.458 0.515 0.628 0.500 0.500
0.508 0.503 0.697 0.999 0.462 0.500 0.431 0.500 0.500
0.509 0.501 0.697 0.999 0.463 0.698 0.372 0.500 0.500
0.510 0.500 0.696 0.998 0.463 0.723 0.347 0.500 0.500
0.515 0.487 0.695 0.998 0.463 0.653 0.347 0.500 0.500
0.514 0.484 0.695 0.997 0.463 0.582 0.368 0.500 0.500
0.492 0.516 0.697 0.999 0.466 0.500 0.500 0.500 0.740
0.493 0.511 0.697 0.999 0.470 0.500 0.500 0.500 0.574
0.496 0.506 0.697 0.999 0.486 0.500 0.623 0.500 0.500
0.495 0.506 0.697 0.999 0.486 0.500 0.748 0.500 0.500
0.486 0.506 0.697 1.000 0.484 0.500 0.636 0.500 0.500
0.502 0.505 0.696 0.998 0.495 0.476 0.673 0.500 0.500
0.499 0.507 0.696 0.999 0.495 0.476 0.673 0.500 0.500
0.499 0.507 0.699 0.999 0.503 0.439 0.500 0.500 0.500
0.501 0.509 0.695 0.996 0.502 0.476 0.500 0.500 0.500
0.502 0.507 0.694 0.998 0.505 0.500 0.426 0.500 0.500
0.503 0.506 0.697 1.000 0.508 0.500 0.385 0.500 0.500
0.511 0.505 0.695 0.997 0.503 0.500 0.385 0.500 0.500
0.500 0.507 0.694 0.997 0.504 0.500 0.500 0.500 0.439
0.503 0.505 0.695 0.999 0.505 0.500 0.500 0.500 0.460
0.503 0.505 0.695 0.998 0.503 0.500 0.500 0.500 0.410
0.504 0.509 0.695 0.999 0.497 0.500 0.414 0.500 0.500
0.506 0.505 0.695 0.998 0.497 0.500 0.385 0.500 0.500
0.510 0.504 0.695 0.998 0.497 0.500 0.418 0.500 0.500
0.511 0.504 0.696 1.000 0.500 0.500 0.472 0.500 0.500
0.507 0.504 0.696 1.000 0.500 0.500 0.472 0.500 0.500
0.503 0.504 0.696 1.000 0.499 0.500 0.476 0.500 0.500
0.497 0.507 0.695 0.999 0.499 0.489 0.500 0.500 0.500
0.497 0.508 0.695 1.000 0.499 0.481 0.500 0.500 0.500
0.503 0.506 0.695 0.998 0.503 0.500 0.476 0.500 0.500
0.503 0.505 0.694 0.999 0.503 0.500 0.426 0.500 0.500
0.508 0.506 0.692 0.999 0.500 0.500 0.385 0.500 0.500
0.512 0.506 0.693 0.999 0.505 0.500 0.385 0.500 0.500
0.494 0.508 0.695 1.000 0.509 0.489 0.500 0.500 0.500
0.498 0.507 0.693 0.998 0.507 0.402 0.500 0.500 0.500
0.498 0.509 0.693 0.999 0.507 0.393 0.500 0.500 0.500
0.501 0.506 0.692 0.998 0.512 0.500 0.500 0.500 0.472
0.503 0.508 0.692 0.999 0.511 0.500 0.500 0.500 0.402
0.502 0.509 0.693 0.999 0.507 0.331 0.385 0.500 0.500
0.504 0.510 0.692 1.000 0.508 0.248 0.343 0.500 0.500
0.511 0.519 0.692 0.999 0.510 0.500 0.402 0.500 0.500
0.514 0.523 0.691 0.999 0.510 0.500 0.497 0.500 0.500
0.510 0.507 0.691 0.999 0.512 0.500 0.497 0.500 0.500
0.499 0.499 0.691 0.998 0.512 0.500 0.476 0.500 0.500
0.502 0.508 0.691 0.999 0.525 0.500 0.500 0.500 0.339
0.500 0.509 0.690 1.000 0.515 0.500 0.500 0.500 0.422
0.502 0.506 0.690 0.999 0.515 0.500 0.500 0.497 0.352
0.503 0.505 0.689 0.998 0.504 0.500 0.472 0.500 0.500
0.504 0.506 0.689 0.999 0.503 0.500 0.360 0.500 0.500
0.507 0.506 0.689 0.999 0.504 0.500 0.385 0.500 0.500
0.582 0.505 0.686 0.957 0.704 0.500 0.414 0.500 0.500
0.589 0.502 0.683 0.956 0.704 0.549 0.310 0.500 0.500
0.595 0.501 0.680 0.956 0.703 0.557 0.297 0.500 0.500
0.595 0.501 0.680 0.956 0.703 0.557 0.297 0.500 0.500
0.591 0.502 0.681 0.957 0.703 0.557 0.297 0.500 0.500
0.586 0.503 0.683 0.957 0.703 0.557 0.297 0.500 0.500
0.581 0.504 0.685 0.957 0.703 0.557 0.297 0.500 0.500
0.578 0.506 0.685 0.957 0.702 0.557 0.297 0.500 0.500
0.577 0.506 0.686 0.957 0.703 0.561 0.297 0.500 0.500
0.577 0.506 0.686 0.957 0.703 0.561 0.289 0.500 0.500
0.576 0.507 0.686 0.956 0.704 0.561 0.289 0.500 0.500
0.574 0.508 0.685 0.956 0.705 0.561 0.289 0.500 0.500
0.572 0.510 0.686 0.956 0.706 0.561 0.289 0.500 0.500
0.569 0.511 0.686 0.956 0.706 0.561 0.289 0.500 0.500
0.568 0.512 0.687 0.956 0.706 0.561 0.289 0.500 0.500
0.568 0.511 0.685 0.956 0.706 0.569 0.289 0.500 0.500
0.567 0.509 0.686 0.955 0.707 0.569 0.289 0.500 0.500
0.566 0.510 0.686 0.955 0.707 0.569 0.289 0.500 0.500
0.564 0.513 0.686 0.955 0.708 0.569 0.289 0.500 0.500
0.561 0.514 0.686 0.954 0.709 0.569 0.289 0.500 0.500
0.560 0.514 0.687 0.954 0.710 0.569 0.289 0.500 0.500
0.558 0.513 0.687 0.954 0.710 0.569 0.285 0.500 0.500
0.559 0.514 0.686 0.954 0.710 0.569 0.285 0.500 0.500
0.558 0.513 0.686 0.954 0.710 0.569 0.285 0.500 0.500
0.556 0.513 0.685 0.954 0.710 0.569 0.277 0.500 0.500
0.556 0.515 0.685 0.954 0.708 0.569 0.277 0.500 0.500
0.556 0.516 0.684 0.955 0.708 0.569 0.252 0.500 0.500
0.556 0.516 0.684 0.955 0.708 0.582 0.202 0.500 0.500
0.556 0.516 0.683 0.954 0.708 0.586 0.202 0.500 0.500
0.554 0.517 0.684 0.954 0.708 0.586 0.202 0.500 0.500
0.553 0.517 0.684 0.955 0.708 0.586 0.202 0.500 0.500
0.551 0.518 0.684 0.955 0.708 0.586 0.202 0.500 0.500
0.548 0.519 0.684 0.955 0.708 0.586 0.202 0.500 0.500
0.543 0.519 0.684 0.955 0.708 0.586 0.202 0.500 0.500
0.540 0.518 0.685 0.955 0.708 0.586 0.202 0.500 0.500
0.539 0.518 0.685 0.954 0.708 0.586 0.202 0.500 0.500
0.538 0.519 0.685 0.954 0.709 0.586 0.193 0.500 0.500
0.538 0.520 0.684 0.955 0.707 0.569 0.193 0.500 0.314
0.536 0.523 0.684 0.960 0.696 0.500 0.277 0.500 0.110
0.530 0.526 0.684 0.966 0.680 0.500 0.372 0.500 0.202
0.523 0.526 0.685 0.972 0.665 0.500 0.381 0.500 0.500
0.521 0.528 0.685 0.971 0.667 0.500 0.214 0.500 0.500
0.532 0.527 0.683 0.971 0.668 0.500 0.181 0.500 0.500
0.537 0.525 0.682 0.971 0.667 0.500 0.173 0.500 0.268
0.538 0.521 0.682 0.974 0.658 0.500 0.173 0.500 0.019
0.537 0.517 0.682 0.982 0.632 0.500 0.173 0.500 0.006
0.534 0.515 0.683 0.988 0.608 0.500 0.173 0.500 0.500
0.529 0.515 0.683 0.987 0.611 0.500 0.173 0.500 0.500
0.527 0.515 0.683 0.987 0.612 0.500 0.123 0.500 0.500
0.526 0.515 0.683 0.987 0.612 0.500 0.085 0.500 0.256
0.527 0.516 0.683 0.989 0.601 0.500 0.085 0.500 0.073
0.527 0.516 0.682 0.993 0.582 0.500 0.406 0.500 0.500
0.498 0.516 0.684 0.993 0.581 0.500 0.464 0.500 0.500
0.488 0.514 0.684 0.992 0.580 0.500 0.489 0.500 0.500
0.489 0.514 0.683 0.992 0.581 0.500 0.489 0.500 0.500
0.494 0.514 0.683 0.993 0.582 0.493 0.489 0.500 0.500
0.498 0.515 0.683 0.993 0.581 0.372 0.464 0.500 0.500
0.503 0.522 0.683 0.993 0.581 0.335 0.426 0.500 0.500
0.511 0.525 0.681 0.993 0.582 0.368 0.368 0.500 0.500
0.515 0.523 0.681 0.993 0.582 0.381 0.310 0.500 0.500
0.521 0.517 0.682 0.993 0.582 0.393 0.231 0.500 0.372
0.525 0.513 0.681 0.994 0.577 0.439 0.202 0.500 0.327
0.524 0.506 0.681 0.994 0.569 0.500 0.218 0.500 0.500
0.518 0.503 0.681 0.995 0.568 0.500 0.264 0.500 0.500
0.511 0.501 0.682 0.994 0.570 0.500 0.273 0.500 0.500
0.502 0.502 0.683 0.995 0.570 0.500 0.310 0.500 0.451
0.499 0.504 0.682 0.995 0.567 0.500 0.500 0.500 0.402
0.485 0.508 0.682 0.996 0.562 0.297 0.528 0.500 0.500
0.484 0.520 0.681 0.995 0.563 0.293 0.544 0.500 0.500
0.487 0.525 0.681 0.995 0.565 0.310 0.553 0.500 0.500
0.502 0.496 0.681 0.995 0.564 0.500 0.500 0.500 0.318
0.499 0.499 0.682 0.997 0.555 0.500 0.500 0.500 0.231
0.497 0.506 0.682 0.998 0.545 0.500 0.500 0.500 0.476
0.497 0.507 0.681 0.998 0.544 0.500 0.500 0.500 0.389
0.498 0.505 0.681 0.998 0.539 0.500 0.582 0.500 0.500
0.491 0.505 0.681 0.998 0.539 0.493 0.653 0.500 0.500
0.487 0.505 0.681 0.998 0.539 0.500 0.611 0.500 0.500
0.502 0.505 0.681 0.999 0.538 0.500 0.528 0.500 0.500
0.500 0.505 0.681 0.998 0.538 0.500 0.603 0.500 0.500
0.495 0.506 0.681 0.999 0.537 0.500 0.569 0.500 0.500
0.500 0.507 0.680 0.998 0.540 0.500 0.611 0.500 0.500
0.503 0.505 0.680 0.998 0.539 0.500 0.500 0.500 0.327
0.505 0.507 0.680 0.999 0.532 0.500 0.500 0.500 0.177
0.505 0.506 0.680 0.999 0.516 0.500 0.500 0.500 0.335
0.503 0.505 0.680 1.000 0.508 0.500 0.500 0.500 0.264
0.504 0.505 0.679 0.999 0.498 0.500 0.464 0.500 0.500
0.505 0.505 0.679 0.998 0.497 0.500 0.385 0.500 0.500
0.512 0.504 0.679 1.000 0.500 0.500 0.385 0.500 0.500
0.503 0.503 0.679 1.000 0.500 0.515 0.500 0.500 0.500
0.503 0.502 0.680 0.999 0.499 0.515 0.500 0.500 0.500
0.503 0.503 0.679 1.000 0.500 0.500 0.476 0.500 0.500
0.503 0.503 0.680 0.999 0.500 0.500 0.472 0.500 0.500
0.504 0.505 0.679 0.998 0.502 0.500 0.472 0.500 0.500
0.505 0.506 0.679 0.997 0.503 0.500 0.472 0.500 0.500
0.504 0.505 0.679 1.000 0.500 0.500 0.497 0.500 0.500
0.502 0.504 0.680 0.998 0.505 0.500 0.497 0.500 0.500
0.502 0.505 0.679 1.000 0.500 0.500 0.497 0.500 0.500
0.500 0.504 0.680 1.000 0.502 0.500 0.426 0.500 0.500
0.507 0.501 0.680 0.999 0.505 0.528 0.347 0.500 0.500
0.513 0.500 0.680 0.998 0.507 0.500 0.476 0.500 0.500
0.501 0.504 0.679 0.997 0.502 0.557 0.500 0.500 0.500
0.501 0.499 0.681 0.999 0.504 0.607 0.500 0.500 0.500
0.502 0.505 0.679 0.998 0.499 0.500 0.497 0.500 0.500
0.504 0.504 0.679 0.998 0.497 0.503 0.472 0.500 0.500
0.505 0.502 0.681 1.000 0.495 0.549 0.418 0.500 0.500
0.502 0.503 0.681 1.000 0.490 0.500 0.500 0.599 0.500
0.500 0.501 0.682 1.000 0.490 0.544 0.500 0.500 0.500
0.502 0.498 0.681 0.999 0.489 0.615 0.489 0.500 0.500
0.504 0.494 0.680 0.999 0.489 0.619 0.485 0.500 0.500
0.504 0.496 0.681 0.999 0.488 0.536 0.485 0.500 0.500
0.505 0.501 0.681 0.999 0.488 0.500 0.485 0.500 0.500
0.504 0.506 0.681 1.000 0.489 0.500 0.485 0.500 0.500
0.504 0.509 0.681 1.000 0.487 0.500 0.485 0.500 0.500
0.505 0.507 0.681 1.000 0.487 0.500 0.485 0.500 0.500
0.504 0.506 0.681 1.000 0.486 0.500 0.485 0.500 0.500
0.503 0.506 0.681 1.000 0.487 0.500 0.485 0.500 0.500
0.505 0.505 0.681 1.000 0.487 0.500 0.431 0.500 0.500
0.508 0.504 0.680 1.000 0.487 0.500 0.356 0.500 0.500
0.511 0.503 0.680 1.000 0.487 0.500 0.331 0.500 0.500
0.510 0.504 0.680 1.000 0.487 0.500 0.497 0.500 0.500
0.499 0.502 0.680 0.999 0.489 0.544 0.500 0.500 0.500
0.500 0.499 0.681 0.999 0.489 0.544 0.500 0.500 0.500
0.501 0.498 0.680 0.998 0.491 0.549 0.500 0.500 0.500
0.501 0.502 0.680 0.999 0.492 0.544 0.500 0.500 0.500
0.502 0.503 0.681 1.000 0.493 0.669 0.500 0.500 0.500
0.503 0.494 0.680 0.999 0.492 0.640 0.500 0.500 0.500
0.502 0.496 0.680 1.000 0.492 0.511 0.500 0.500 0.500
0.499 0.502 0.680 0.999 0.494 0.500 0.500 0.500 0.553
0.500 0.504 0.680 0.999 0.496 0.500 0.500 0.500 0.690
0.500 0.503 0.681 1.000 0.513 0.599 0.489 0.500 0.500
0.501 0.499 0.680 1.000 0.514 0.500 0.489 0.500 0.500
0.501 0.504 0.680 1.000 0.517 0.574 0.500 0.500 0.500
0.501 0.498 0.680 0.999 0.518 0.574 0.500 0.500 0.500
0.501 0.497 0.680 1.000 0.518 0.574 0.500 0.500 0.500
0.500 0.498 0.680 1.000 0.519 0.582 0.500 0.500 0.500
0.501 0.505 0.680 0.999 0.521 0.500 0.500 0.500 0.189
0.499 0.504 0.679 1.000 0.513 0.500 0.500 0.500 0.327
0.502 0.503 0.679 1.000 0.508 0.628 0.500 0.500 0.500
0.502 0.494 0.679 0.999 0.507 0.586 0.500 0.500 0.500
0.500 0.494 0.679 0.999 0.508 0.561 0.500 0.500 0.500
0.526 0.512 0.686 0.865 0.842 0.500 0.500 0.500 0.451
0.527 0.509 0.686 0.865 0.842 0.500 0.500 0.500 0.227
0.525 0.508 0.687 0.870 0.836 0.500 0.500 0.500 0.110
0.527 0.507 0.687 0.880 0.825 0.500 0.500 0.500 0.106
0.528 0.507 0.687 0.891 0.812 0.500 0.500 0.500 0.106
0.527 0.504 0.687 0.903 0.796 0.852 0.414 0.500 0.106
0.529 0.498 0.686 0.914 0.780 0.911 0.347 0.500 0.106
0.534 0.474 0.683 0.923 0.764 0.877 0.331 0.500 0.106
0.538 0.467 0.681 0.931 0.748 0.877 0.322 0.500 0.106
0.535 0.471 0.682 0.941 0.732 0.865 0.277 0.500 0.106
0.536 0.479 0.683 0.950 0.716 0.711 0.077 0.500 0.106
0.540 0.491 0.682 0.960 0.692 0.594 0.000 0.500 0.152
0.550 0.506 0.681 0.966 0.676 0.511 0.000 0.500 0.152
0.554 0.517 0.680 0.972 0.658 0.500 0.000 0.500 0.500
0.549 0.523 0.680 0.976 0.642 0.500 0.000 0.500 0.500
0.541 0.524 0.682 0.977 0.643 0.500 0.073 0.500 0.327
0.523 0.517 0.686 0.980 0.638 0.500 0.500 0.500 0.439
0.484 0.513 0.686 0.980 0.636 0.500 0.500 0.500 0.202
0.486 0.508 0.687 0.984 0.622 0.500 0.500 0.528 0.000
0.492 0.507 0.687 0.984 0.623 0.500 0.500 0.503 0.000
0.498 0.504 0.688 0.990 0.596 0.500 0.500 0.500 0.476
0.504 0.505 0.688 0.994 0.574 0.500 0.500 0.500 0.214
0.503 0.505 0.688 0.995 0.573 0.669 0.406 0.500 0.000
0.503 0.503 0.688 0.996 0.562 0.544 0.406 0.500 0.500
0.510 0.493 0.688 0.999 0.534 0.500 0.489 0.500 0.500
0.512 0.498 0.687 0.998 0.534 0.500 0.489 0.500 0.447
0.505 0.506 0.688 0.999 0.534 0.515 0.489 0.553 0.202
0.502 0.506 0.688 0.999 0.529 0.594 0.456 0.500 0.500
0.500 0.505 0.688 1.000 0.515 0.500 0.497 0.500 0.500
0.499 0.504 0.687 0.999 0.510 0.500 0.594 0.500 0.500
0.501 0.506 0.688 1.000 0.509 0.500 0.515 0.500 0.500
0.500 0.507 0.687 0.999 0.510 0.500 0.503 0.500 0.500
0.501 0.506 0.687 0.999 0.509 0.500 0.623 0.500 0.500
0.499 0.505 0.687 0.999 0.509 0.500 0.623 0.500 0.500
0.493 0.506 0.686 0.998 0.507 0.500 0.623 0.500 0.500
0.500 0.507 0.685 0.999 0.504 0.297 0.500 0.500 0.500
0.500 0.504 0.684 0.999 0.496 0.500 0.553 0.500 0.500
0.441 0.553 0.686 0.961 0.695 0.489 0.500 0.500 0.500
0.439 0.554 0.685 0.960 0.696 0.414 0.528 0.500 0.500
0.438 0.556 0.685 0.962 0.692 0.335 0.540 0.500 0.500
0.437 0.562 0.681 0.961 0.694 0.331 0.544 0.500 0.500
0.437 0.566 0.681 0.960 0.694 0.331 0.544 0.500 0.500
0.439 0.568 0.680 0.961 0.694 0.331 0.544 0.500 0.500
0.439 0.564 0.681 0.961 0.694 0.331 0.544 0.500 0.500
0.440 0.559 0.683 0.960 0.696 0.331 0.544 0.500 0.500
0.440 0.555 0.684 0.961 0.694 0.331 0.544 0.500 0.500
0.440 0.553 0.684 0.960 0.696 0.331 0.544 0.500 0.500
0.441 0.553 0.684 0.960 0.696 0.331 0.544 0.500 0.500
0.441 0.551 0.684 0.960 0.696 0.331 0.544 0.500 0.500
0.440 0.549 0.683 0.960 0.697 0.293 0.557 0.500 0.500
0.440 0.549 0.684 0.959 0.698 0.256 0.578 0.500 0.500
0.440 0.549 0.683 0.959 0.699 0.256 0.578 0.500 0.500
0.440 0.551 0.683 0.958 0.700 0.248 0.582 0.500 0.500
0.440 0.550 0.682 0.958 0.701 0.231 0.611 0.500 0.500
0.441 0.548 0.683 0.958 0.701 0.164 0.640 0.500 0.500
0.440 0.548 0.682 0.958 0.701 0.148 0.665 0.500 0.500
0.438 0.549 0.681 0.957 0.702 0.123 0.723 0.500 0.500
0.437 0.548 0.680 0.957 0.702 0.114 0.723 0.500 0.500
0.435 0.547 0.679 0.957 0.703 0.114 0.723 0.500 0.500
0.438 0.543 0.680 0.957 0.703 0.114 0.723 0.500 0.500
0.440 0.537 0.682 0.956 0.704 0.114 0.723 0.500 0.500
0.444 0.533 0.683 0.956 0.704 0.114 0.723 0.500 0.500
0.447 0.529 0.684 0.955 0.706 0.114 0.723 0.500 0.500
0.450 0.526 0.684 0.955 0.708 0.235 0.723 0.500 0.500
0.451 0.525 0.685 0.955 0.708 0.418 0.707 0.500 0.500
0.454 0.512 0.686 0.955 0.708 0.418 0.707 0.500 0.500
0.455 0.497 0.685 0.954 0.708 0.418 0.732 0.500 0.500
0.456 0.495 0.685 0.953 0.708 0.468 0.761 0.500 0.500
0.456 0.495 0.685 0.953 0.710 0.468 0.761 0.500 0.500
0.457 0.497 0.685 0.953 0.711 0.481 0.761 0.500 0.422
0.458 0.500 0.685 0.954 0.710 0.500 0.565 0.500 0.035
0.459 0.502 0.685 0.954 0.708 0.500 0.500 0.472 0.000
0.477 0.508 0.687 0.964 0.684 0.500 0.500 0.472 0.000
0.484 0.511 0.688 0.972 0.663 0.500 0.500 0.472 0.069
0.483 0.514 0.688 0.986 0.616 0.500 0.500 0.500 0.464
0.479 0.517 0.686 0.986 0.616 0.500 0.500 0.500 0.000
0.477 0.519 0.686 0.987 0.612 0.500 0.500 0.500 0.000
0.477 0.528 0.685 0.995 0.568 0.268 0.615 0.500 0.500
0.478 0.528 0.686 0.995 0.568 0.185 0.653 0.500 0.500
0.470 0.546 0.681 0.994 0.569 0.177 0.653 0.500 0.500
0.467 0.552 0.679 0.994 0.570 0.177 0.653 0.500 0.500
0.468 0.550 0.680 0.994 0.571 0.177 0.661 0.500 0.500
0.472 0.545 0.681 0.994 0.571 0.173 0.698 0.500 0.500
0.474 0.539 0.682 0.994 0.572 0.164 0.736 0.500 0.500
0.474 0.534 0.683 0.994 0.572 0.206 0.911 0.500 0.500
0.470 0.524 0.684 0.994 0.573 0.218 0.911 0.500 0.500
0.462 0.520 0.682 0.993 0.574 0.372 0.769 0.500 0.500
0.465 0.515 0.683 0.994 0.572 0.489 0.653 0.500 0.500
0.486 0.498 0.685 0.993 0.574 0.500 0.540 0.500 0.327
0.497 0.492 0.686 0.993 0.573 0.500 0.500 0.500 0.110
0.501 0.509 0.686 0.997 0.550 0.418 0.553 0.500 0.500
0.497 0.512 0.685 0.997 0.551 0.260 0.690 0.500 0.500
0.490 0.518 0.685 0.997 0.553 0.256 0.698 0.500 0.306
0.482 0.528 0.683 0.996 0.553 0.256 0.707 0.500 0.268
0.481 0.530 0.683 0.997 0.546 0.273 0.773 0.500 0.227
0.499 0.505 0.686 0.999 0.532 0.500 0.500 0.500 0.277
0.499 0.505 0.686 0.999 0.532 0.500 0.472 0.500 0.500
0.501 0.507 0.686 0.999 0.523 0.500 0.464 0.500 0.500
0.501 0.506 0.686 0.999 0.524 0.500 0.464 0.500 0.500
0.505 0.507 0.686 0.999 0.526 0.500 0.464 0.500 0.500
0.504 0.505 0.686 0.999 0.527 0.500 0.464 0.500 0.152
0.502 0.504 0.687 0.999 0.526 0.500 0.464 0.500 0.152
0.501 0.505 0.686 0.999 0.510 0.500 0.464 0.500 0.500
0.500 0.506 0.685 0.999 0.496 0.500 0.497 0.500 0.500
0.497 0.509 0.686 0.999 0.496 0.406 0.673 0.500 0.500
0.493 0.510 0.686 0.998 0.496 0.335 0.773 0.500 0.500
0.483 0.516 0.684 0.998 0.499 0.368 0.869 0.500 0.500
0.478 0.521 0.684 0.998 0.500 0.500 0.648 0.500 0.500
0.514 0.502 0.686 1.000 0.503 0.500 0.476 0.500 0.500
0.511 0.502 0.686 0.999 0.502 0.500 0.356 0.500 0.500
0.509 0.503 0.686 0.997 0.505 0.500 0.347 0.500 0.500
0.517 0.503 0.685 0.997 0.506 0.500 0.347 0.500 0.500
0.519 0.504 0.686 1.000 0.509 0.500 0.372 0.500 0.500
0.515 0.504 0.685 0.999 0.507 0.500 0.402 0.500 0.500
0.509 0.505 0.687 0.999 0.509 0.500 0.414 0.500 0.500
0.490 0.505 0.687 0.998 0.510 0.500 0.507 0.500 0.500
0.491 0.503 0.687 0.999 0.510 0.500 0.628 0.500 0.500
0.492 0.503 0.687 1.000 0.511 0.500 0.611 0.500 0.500
0.501 0.504 0.688 0.999 0.512 0.500 0.500 0.500 0.464
0.502 0.505 0.689 1.000 0.513 0.500 0.500 0.500 0.497
0.606 0.488 0.683 0.997 0.444 0.503 0.285 0.500 0.500
0.619 0.488 0.675 0.996 0.443 0.524 0.148 0.500 0.500
0.623 0.481 0.669 0.995 0.441 0.549 0.060 0.500 0.500
0.616 0.480 0.672 0.996 0.440 0.582 0.000 0.500 0.500
0.611 0.482 0.675 0.996 0.439 0.524 0.123 0.500 0.500
0.602 0.482 0.678 0.996 0.437 0.574 0.006 0.500 0.500
0.597 0.486 0.680 0.996 0.437 0.582 0.000 0.500 0.500
0.591 0.486 0.682 0.996 0.437 0.582 0.000 0.500 0.500
0.587 0.486 0.682 0.996 0.438 0.582 0.000 0.500 0.500
0.582 0.488 0.683 0.996 0.437 0.582 0.000 0.500 0.500
0.578 0.488 0.683 0.996 0.438 0.582 0.000 0.500 0.500
0.575 0.488 0.683 0.996 0.439 0.582 0.000 0.500 0.500
0.571 0.490 0.684 0.996 0.439 0.582 0.000 0.500 0.500
0.567 0.490 0.684 0.996 0.437 0.586 0.000 0.500 0.500
0.565 0.488 0.683 0.996 0.437 0.586 0.073 0.500 0.500
0.557 0.491 0.685 0.996 0.435 0.586 0.085 0.500 0.500
0.553 0.491 0.685 0.996 0.436 0.582 0.000 0.500 0.500
0.551 0.491 0.685 0.996 0.435 0.599 0.085 0.500 0.500
0.549 0.491 0.684 0.996 0.435 0.607 0.085 0.500 0.500
0.549 0.490 0.684 0.996 0.436 0.607 0.085 0.500 0.500
0.549 0.490 0.683 0.996 0.434 0.628 0.060 0.500 0.500
0.548 0.490 0.682 0.996 0.435 0.628 0.044 0.500 0.500
0.546 0.490 0.682 0.996 0.436 0.632 0.044 0.500 0.500
0.542 0.492 0.682 0.996 0.435 0.632 0.031 0.500 0.500
0.540 0.493 0.682 0.996 0.434 0.640 0.006 0.500 0.500
0.540 0.496 0.682 0.996 0.435 0.586 0.085 0.500 0.500
0.540 0.496 0.681 0.996 0.436 0.640 0.000 0.500 0.500
0.535 0.498 0.682 0.996 0.434 0.640 0.000 0.500 0.500
0.529 0.499 0.682 0.996 0.435 0.640 0.000 0.500 0.500
0.527 0.500 0.682 0.995 0.433 0.640 0.110 0.500 0.500
0.513 0.502 0.683 0.995 0.432 0.574 0.243 0.500 0.500
0.501 0.506 0.683 0.994 0.432 0.511 0.331 0.500 0.500
0.493 0.511 0.683 0.994 0.433 0.511 0.331 0.500 0.410
0.493 0.511 0.682 0.994 0.428 0.500 0.372 0.500 0.500
0.491 0.510 0.682 0.993 0.429 0.500 0.500 0.500 0.524
0.486 0.511 0.681 0.993 0.431 0.500 0.500 0.500 0.911
0.488 0.508 0.682 0.997 0.451 0.500 0.500 0.500 1.000
0.504 0.506 0.682 0.999 0.476 0.500 0.451 0.500 0.500
0.511 0.506 0.681 0.999 0.475 0.500 0.322 0.500 0.500
0.520 0.505 0.680 0.999 0.475 0.500 0.310 0.500 0.500
0.522 0.506 0.680 0.999 0.473 0.500 0.310 0.500 0.500
0.518 0.508 0.680 0.999 0.474 0.500 0.310 0.500 0.500
0.513 0.506 0.680 0.999 0.475 0.500 0.414 0.500 0.519
0.504 0.508 0.681 0.999 0.476 0.500 0.500 0.497 0.690
0.502 0.508 0.681 1.000 0.486 0.500 0.500 0.500 0.603
0.502 0.511 0.680 0.999 0.490 0.402 0.500 0.500 0.500
0.502 0.515 0.680 0.999 0.491 0.256 0.500 0.500 0.500
0.501 0.505 0.681 1.000 0.485 0.500 0.500 0.500 0.553
0.503 0.504 0.681 0.999 0.486 0.500 0.500 0.500 0.590
0.502 0.504 0.681 0.999 0.489 0.500 0.500 0.500 0.569
0.499 0.505 0.682 1.000 0.488 0.500 0.565 0.500 0.500
0.496 0.505 0.682 0.999 0.489 0.500 0.698 0.500 0.500
0.507 0.503 0.683 0.999 0.485 0.557 0.439 0.500 0.500
0.510 0.499 0.682 1.000 0.484 0.619 0.414 0.500 0.500
0.510 0.497 0.682 0.999 0.483 0.500 0.472 0.500 0.500
0.496 0.507 0.683 0.999 0.481 0.500 0.507 0.500 0.500
0.496 0.504 0.683 0.999 0.481 0.500 0.661 0.500 0.500
0.488 0.505 0.682 0.998 0.480 0.500 0.611 0.500 0.500
0.503 0.503 0.683 0.999 0.475 0.515 0.500 0.500 0.500
0.502 0.503 0.683 0.999 0.473 0.574 0.500 0.500 0.500
0.504 0.500 0.683 0.999 0.472 0.782 0.500 0.500 0.500
0.498 0.508 0.684 0.999 0.477 0.500 0.500 0.500 0.711
0.508 0.515 0.687 0.837 0.869 0.500 0.500 0.500 0.426
0.509 0.514 0.687 0.840 0.866 0.500 0.500 0.500 0.206
0.511 0.515 0.686 0.854 0.852 0.500 0.500 0.519 0.069
0.512 0.515 0.686 0.870 0.837 0.500 0.500 0.540 0.000
0.514 0.515 0.686 0.886 0.817 0.500 0.500 0.557 0.000
0.514 0.514 0.686 0.902 0.798 0.500 0.500 0.557 0.000
0.516 0.510 0.687 0.917 0.775 0.549 0.418 0.557 0.000
0.520 0.505 0.686 0.928 0.758 0.599 0.385 0.540 0.000
0.523 0.501 0.686 0.943 0.732 0.599 0.385 0.540 0.000
0.522 0.502 0.686 0.952 0.712 0.500 0.385 0.500 0.500
0.511 0.513 0.687 0.952 0.713 0.500 0.472 0.500 0.500
0.514 0.512 0.687 0.953 0.712 0.549 0.331 0.500 0.372
0.523 0.505 0.686 0.957 0.702 0.582 0.218 0.500 0.206
0.530 0.501 0.685 0.959 0.691 0.582 0.206 0.500 0.110
0.530 0.501 0.685 0.969 0.669 0.582 0.206 0.500 0.000
0.526 0.501 0.687 0.978 0.646 0.561 0.206 0.500 0.000
0.521 0.502 0.687 0.984 0.625 0.599 0.206 0.500 0.000
0.515 0.503 0.688 0.990 0.598 0.599 0.231 0.500 0.214
0.510 0.508 0.688 0.992 0.587 0.500 0.277 0.500 0.500
0.506 0.516 0.688 0.992 0.587 0.500 0.302 0.500 0.500
0.502 0.516 0.688 0.992 0.587 0.500 0.302 0.500 0.500
0.487 0.513 0.688 0.992 0.584 0.500 0.500 0.500 0.268
0.488 0.512 0.688 0.993 0.573 0.500 0.500 0.500 0.256
0.495 0.509 0.688 0.996 0.562 0.500 0.500 0.500 0.360
0.497 0.508 0.689 0.997 0.555 0.500 0.500 0.500 0.239
0.500 0.506 0.688 0.998 0.538 0.500 0.500 0.493 0.081
0.502 0.506 0.689 1.000 0.514 0.500 0.500 0.500 0.277
0.501 0.507 0.687 0.998 0.503 0.500 0.500 0.500 0.264
0.503 0.505 0.688 0.999 0.493 0.500 0.500 0.500 0.318
0.504 0.503 0.688 1.000 0.482 0.500 0.500 0.500 0.582
0.504 0.504 0.687 0.998 0.490 0.500 0.500 0.500 0.773
0.474 0.523 0.688 0.937 0.256 0.500 0.500 0.500 0.599
0.475 0.525 0.687 0.937 0.257 0.500 0.500 0.500 0.752
0.473 0.524 0.687 0.940 0.262 0.500 0.500 0.500 0.902
0.471 0.521 0.687 0.945 0.272 0.500 0.515 0.500 0.902
0.472 0.521 0.687 0.954 0.290 0.500 0.578 0.500 0.902
0.466 0.516 0.687 0.964 0.314 0.500 0.661 0.500 0.902
0.463 0.513 0.686 0.971 0.333 0.500 0.678 0.500 0.500
0.457 0.511 0.685 0.977 0.350 0.569 0.832 0.500 0.500
0.453 0.510 0.684 0.977 0.352 0.690 1.000 0.500 0.500
0.446 0.506 0.683 0.976 0.353 0.690 1.000 0.500 0.500
0.438 0.499 0.680 0.976 0.353 0.544 1.000 0.500 0.500
0.444 0.499 0.681 0.976 0.353 0.500 0.748 0.500 0.500
0.457 0.511 0.684 0.977 0.353 0.500 0.736 0.500 0.640
0.477 0.518 0.687 0.978 0.354 0.500 0.736 0.500 0.798
0.487 0.521 0.687 0.980 0.361 0.297 0.736 0.500 0.500
0.490 0.525 0.687 0.984 0.375 0.077 0.844 0.500 0.500
0.490 0.535 0.685 0.983 0.376 0.468 0.865 0.500 0.500
0.481 0.545 0.683 0.982 0.376 0.481 0.832 0.500 0.500
0.480 0.523 0.686 0.984 0.376 0.235 0.827 0.500 0.703
0.484 0.508 0.687 0.984 0.377 0.260 0.827 0.500 0.569
0.495 0.516 0.687 0.988 0.392 0.500 0.500 0.500 0.599
0.516 0.503 0.686 0.988 0.394 0.500 0.500 0.500 0.960
0.515 0.500 0.686 0.994 0.424 0.500 0.285 0.500 0.500
0.511 0.503 0.686 0.994 0.424 0.500 0.426 0.500 0.500
0.506 0.506 0.687 0.994 0.425 0.500 0.500 0.500 0.711
0.498 0.507 0.687 0.994 0.424 0.500 0.500 0.500 0.648
0.491 0.504 0.686 0.996 0.440 0.500 0.500 0.500 0.752
0.494 0.504 0.686 0.997 0.452 0.500 0.500 0.500 0.544
0.497 0.506 0.686 0.998 0.453 0.500 0.500 0.500 0.603
0.495 0.505 0.686 0.998 0.461 0.500 0.500 0.500 0.569
0.495 0.504 0.686 0.998 0.460 0.500 0.500 0.500 0.723
0.498 0.506 0.686 0.999 0.475 0.500 0.611 0.500 0.500
0.496 0.508 0.686 0.999 0.476 0.500 0.686 0.500 0.500
0.488 0.506 0.685 0.999 0.475 0.500 0.532 0.500 0.500
0.501 0.503 0.686 0.999 0.471 0.500 0.832 0.500 0.500
0.500 0.505 0.686 0.999 0.470 0.500 0.844 0.500 0.500
0.513 0.505 0.685 0.999 0.464 0.500 0.485 0.500 0.500
0.509 0.505 0.685 0.999 0.465 0.500 0.485 0.500 0.335
0.506 0.504 0.686 0.999 0.463 0.500 0.485 0.500 0.500
0.504 0.505 0.686 0.998 0.453 0.500 0.500 0.500 0.698
0.501 0.505 0.686 0.999 0.463 0.500 0.500 0.500 0.902
0.501 0.505 0.686 0.999 0.465 0.500 0.500 0.500 0.902
0.502 0.506 0.686 0.999 0.501 0.500 0.500 0.497 0.682
0.502 0.507 0.686 0.999 0.508 0.500 0.500 0.500 0.214
0.502 0.505 0.686 0.999 0.493 0.500 0.335 0.500 0.500
0.504 0.505 0.685 0.999 0.493 0.500 0.372 0.500 0.500
0.494 0.504 0.679 0.999 0.526 0.500 0.503 0.500 0.500
0.495 0.505 0.679 0.999 0.524 0.500 0.532 0.500 0.500
0.495 0.507 0.680 0.999 0.522 0.500 0.515 0.500 0.500
0.496 0.507 0.680 0.999 0.521 0.468 0.611 0.500 0.500
0.498 0.508 0.681 1.000 0.515 0.493 0.500 0.500 0.500
0.498 0.505 0.681 0.999 0.514 0.489 0.500 0.500 0.500
0.498 0.506 0.681 1.000 0.513 0.476 0.500 0.500 0.500
0.498 0.504 0.681 0.999 0.509 0.476 0.500 0.500 0.500
0.497 0.504 0.681 0.998 0.505 0.331 0.500 0.500 0.500
0.499 0.504 0.683 1.000 0.508 0.318 0.500 0.500 0.500
0.498 0.504 0.683 1.000 0.507 0.493 0.500 0.500 0.500
0.499 0.504 0.682 0.999 0.504 0.402 0.500 0.500 0.500
0.497 0.502 0.682 1.000 0.508 0.500 0.500 0.052 0.489
0.497 0.504 0.682 0.999 0.508 0.500 0.500 0.160 0.389
0.499 0.505 0.679 0.998 0.503 0.500 0.500 0.273 0.485
0.499 0.503 0.679 0.999 0.504 0.500 0.500 0.177 0.435
0.499 0.503 0.678 0.999 0.502 0.500 0.500 0.426 0.500
0.501 0.505 0.676 0.999 0.502 0.500 0.500 0.056 0.500
0.501 0.505 0.676 0.999 0.501 0.500 0.500 0.218 0.472
0.499 0.504 0.672 0.999 0.500 0.456 0.451 0.500 0.500
0.500 0.505 0.674 0.999 0.504 0.468 0.456 0.500 0.500
0.496 0.504 0.672 1.000 0.507 0.402 0.500 0.500 0.500
0.499 0.506 0.672 1.000 0.507 0.285 0.500 0.500 0.500
0.499 0.505 0.671 0.999 0.508 0.331 0.500 0.500 0.500
0.502 0.504 0.671 0.999 0.510 0.381 0.343 0.500 0.500
0.503 0.500 0.671 0.999 0.509 0.476 0.239 0.500 0.500
0.493 0.499 0.670 0.999 0.512 0.500 0.611 0.500 0.500
0.494 0.499 0.671 0.999 0.513 0.615 0.794 0.500 0.500
0.505 0.504 0.670 0.999 0.508 0.500 0.500 0.372 0.500
0.505 0.506 0.671 1.000 0.508 0.500 0.500 0.019 0.460
0.500 0.504 0.669 0.999 0.505 0.500 0.500 0.318 0.500
0.500 0.503 0.669 0.999 0.504 0.500 0.500 0.297 0.500
0.499 0.505 0.669 1.000 0.506 0.500 0.500 0.439 0.500
0.498 0.504 0.667 0.999 0.501 0.500 0.500 0.127 0.500
0.499 0.503 0.667 0.999 0.502 0.500 0.500 0.227 0.500
0.498 0.505 0.665 1.000 0.501 0.500 0.500 0.493 0.500
0.498 0.507 0.664 0.998 0.498 0.476 0.500 0.500 0.500
0.498 0.503 0.665 0.999 0.495 0.500 0.615 0.500 0.500
0.498 0.506 0.665 1.000 0.495 0.489 0.500 0.500 0.500
0.497 0.507 0.665 0.999 0.494 0.451 0.500 0.500 0.500
0.498 0.507 0.665 0.999 0.490 0.451 0.500 0.500 0.500
0.498 0.505 0.666 1.000 0.490 0.476 0.569 0.500 0.500
0.497 0.504 0.666 1.000 0.489 0.500 0.569 0.500 0.500
0.497 0.506 0.666 1.000 0.489 0.500 0.500 0.485 0.500
0.498 0.506 0.666 1.000 0.488 0.500 0.500 0.418 0.500
0.496 0.504 0.666 1.000 0.487 0.402 0.532 0.500 0.500
0.496 0.506 0.666 1.000 0.485 0.306 0.623 0.500 0.500
0.500 0.503 0.666 0.999 0.478 0.500 0.500 0.352 0.500
0.500 0.504 0.666 0.999 0.477 0.500 0.500 0.202 0.500
0.500 0.504 0.664 0.999 0.475 0.500 0.500 0.364 0.500
0.500 0.505 0.664 0.999 0.473 0.500 0.500 0.500 0.503
0.498 0.504 0.664 0.999 0.473 0.500 0.500 0.500 0.898
0.499 0.504 0.663 0.999 0.473 0.500 0.500 0.515 0.590
0.499 0.505 0.663 0.999 0.492 0.500 0.500 0.377 0.500
0.500 0.506 0.662 1.000 0.494 0.500 0.500 0.256 0.497
0.499 0.506 0.662 1.000 0.489 0.500 0.500 0.485 0.500
0.499 0.504 0.662 1.000 0.487 0.500 0.500 0.218 0.500
0.499 0.503 0.662 1.000 0.485 0.500 0.500 0.447 0.500
0.498 0.504 0.660 1.000 0.484 0.500 0.500 0.139 0.500
0.499 0.506 0.660 1.000 0.483 0.500 0.500 0.239 0.500
0.499 0.506 0.658 0.999 0.482 0.418 0.439 0.500 0.500
0.500 0.506 0.658 1.000 0.481 0.481 0.439 0.500 0.500
0.497 0.503 0.657 0.999 0.477 0.500 0.385 0.500 0.500
0.499 0.505 0.657 0.999 0.473 0.500 0.532 0.500 0.500
0.498 0.504 0.658 0.999 0.471 0.500 0.500 0.500 0.752
0.499 0.504 0.658 0.999 0.471 0.500 0.500 0.500 0.752
0.499 0.506 0.657 0.999 0.495 0.500 0.500 0.310 0.500
0.500 0.506 0.658 1.000 0.493 0.500 0.500 0.460 0.500
0.500 0.507 0.655 0.999 0.496 0.331 0.500 0.500 0.500
0.500 0.508 0.656 1.000 0.494 0.318 0.476 0.500 0.500
0.502 0.515 0.655 0.999 0.494 0.500 0.497 0.500 0.500
0.500 0.499 0.656 1.000 0.493 0.500 0.360 0.500 0.500
0.502 0.499 0.654 0.999 0.497 0.500 0.181 0.500 0.500
0.498 0.507 0.653 1.000 0.494 0.468 0.500 0.500 0.500
0.499 0.506 0.653 0.999 0.495 0.464 0.500 0.500 0.500
0.500 0.505 0.653 0.999 0.493 0.443 0.500 0.500 0.500
0.499 0.505 0.653 0.999 0.493 0.481 0.500 0.500 0.500
0.500 0.505 0.653 1.000 0.494 0.481 0.500 0.500 0.500
0.497 0.504 0.652 1.000 0.490 0.439 0.500 0.500 0.500
0.502 0.507 0.651 1.000 0.488 0.347 0.500 0.500 0.500
0.500 0.506 0.651 1.000 0.480 0.476 0.500 0.500 0.500
0.500 0.506 0.651 1.000 0.479 0.468 0.500 0.500 0.500
0.499 0.506 0.651 1.000 0.480 0.476 0.500 0.500 0.500
0.499 0.506 0.650 1.000 0.481 0.468 0.500 0.500 0.500
0.500 0.506 0.650 0.999 0.475 0.500 0.500 0.500 0.590
0.499 0.506 0.649 0.999 0.475 0.500 0.500 0.500 0.511
0.498 0.506 0.649 1.000 0.478 0.500 0.500 0.393 0.811
0.497 0.506 0.648 1.000 0.489 0.468 0.540 0.500 0.500
0.497 0.505 0.648 1.000 0.489 0.500 0.519 0.500 0.500
0.498 0.505 0.648 1.000 0.488 0.500 0.519 0.500 0.500
0.497 0.506 0.647 1.000 0.488 0.481 0.553 0.500 0.500
0.500 0.507 0.647 1.000 0.485 0.331 0.503 0.500 0.500
0.498 0.508 0.647 1.000 0.486 0.393 0.503 0.500 0.500
0.499 0.506 0.646 1.000 0.484 0.310 0.500 0.500 0.500
0.497 0.505 0.647 1.000 0.485 0.536 0.686 0.500 0.500
0.496 0.501 0.646 1.000 0.485 0.599 0.690 0.500 0.500
0.505 0.507 0.645 1.000 0.491 0.489 0.406 0.500 0.500
0.502 0.506 0.645 0.999 0.491 0.500 0.472 0.500 0.500
0.498 0.503 0.644 1.000 0.499 0.500 0.500 0.389 0.500
0.499 0.504 0.645 0.999 0.498 0.500 0.500 0.385 0.500
0.499 0.505 0.645 1.000 0.500 0.500 0.500 0.485 0.500
0.500 0.505 0.644 1.000 0.499 0.500 0.500 0.256 0.500
0.500 0.505 0.644 1.000 0.501 0.500 0.500 0.318 0.500
0.498 0.504 0.642 0.999 0.506 0.500 0.500 0.268 0.500
0.497 0.503 0.641 0.999 0.507 0.500 0.500 0.177 0.500
0.499 0.504 0.641 1.000 0.509 0.500 0.500 0.414 0.472
0.498 0.503 0.637 1.000 0.507 0.500 0.500 0.347 0.500
0.497 0.504 0.637 1.000 0.510 0.500 0.500 0.335 0.500
0.499 0.504 0.635 1.000 0.514 0.607 0.500 0.500 0.500
0.498 0.503 0.634 1.000 0.515 0.644 0.500 0.500 0.500
0.498 0.504 0.633 1.000 0.522 0.500 0.476 0.500 0.500
0.498 0.504 0.633 1.000 0.521 0.500 0.426 0.500 0.500
0.497 0.505 0.633 1.000 0.521 0.500 0.500 0.500 0.306
0.497 0.504 0.633 1.000 0.519 0.500 0.500 0.500 0.264
0.498 0.504 0.632 0.999 0.497 0.500 0.611 0.500 0.500
0.497 0.504 0.633 1.000 0.496 0.500 0.611 0.500 0.500
0.501 0.506 0.632 1.000 0.498 0.500 0.500 0.256 0.500
0.501 0.506 0.632 0.999 0.497 0.500 0.500 0.231 0.500
0.499 0.505 0.630 1.000 0.495 0.426 0.500 0.500 0.500
0.499 0.505 0.629 1.000 0.495 0.381 0.500 0.500 0.500
0.497 0.503 0.628 1.000 0.493 0.476 0.500 0.500 0.500
0.498 0.506 0.627 1.000 0.489 0.500 0.500 0.500 0.561
0.498 0.505 0.627 1.000 0.493 0.500 0.757 0.500 0.500
0.496 0.505 0.627 1.000 0.492 0.500 0.773 0.500 0.500
0.505 0.505 0.626 1.000 0.488 0.500 0.476 0.500 0.500
0.504 0.505 0.626 1.000 0.488 0.500 0.385 0.500 0.500
0.498 0.502 0.626 1.000 0.486 0.500 0.497 0.500 0.500
0.501 0.503 0.625 1.000 0.483 0.511 0.500 0.500 0.500
0.501 0.502 0.625 1.000 0.481 0.524 0.476 0.500 0.500
0.502 0.502 0.625 1.000 0.479 0.640 0.414 0.500 0.500
0.502 0.502 0.625 0.999 0.477 0.500 0.489 0.500 0.500
0.500 0.504 0.624 0.999 0.474 0.500 0.476 0.500 0.500
0.502 0.504 0.624 0.999 0.473 0.528 0.381 0.500 0.500
0.503 0.502 0.624 0.999 0.472 0.503 0.451 0.500 0.500
0.498 0.503 0.624 0.999 0.473 0.511 0.500 0.500 0.500
0.498 0.503 0.623 0.999 0.472 0.536 0.500 0.500 0.500
0.498 0.502 0.623 0.999 0.472 0.544 0.500 0.500 0.500
0.500 0.499 0.623 0.999 0.474 0.544 0.500 0.500 0.500
0.500 0.498 0.623 0.999 0.474 0.544 0.500 0.500 0.500
0.501 0.499 0.623 0.999 0.474 0.544 0.500 0.500 0.500
0.502 0.500 0.623 0.999 0.475 0.544 0.500 0.500 0.500
0.502 0.501 0.623 0.999 0.475 0.544 0.500 0.500 0.500
0.501 0.503 0.623 0.999 0.476 0.500 0.489 0.500 0.500
0.501 0.503 0.623 0.999 0.477 0.500 0.485 0.500 0.500
0.501 0.506 0.623 0.999 0.478 0.500 0.485 0.500 0.500
0.501 0.506 0.622 0.999 0.478 0.500 0.485 0.500 0.500
0.500 0.505 0.622 0.999 0.478 0.500 0.485 0.500 0.500
0.500 0.504 0.622 1.000 0.479 0.500 0.485 0.500 0.500
0.501 0.504 0.622 1.000 0.480 0.500 0.485 0.500 0.500
0.501 0.504 0.622 1.000 0.481 0.500 0.485 0.500 0.500
0.500 0.503 0.622 1.000 0.480 0.500 0.485 0.500 0.500
0.500 0.502 0.622 1.000 0.480 0.500 0.476 0.500 0.500
0.501 0.501 0.622 1.000 0.479 0.500 0.472 0.500 0.500
0.502 0.501 0.622 1.000 0.479 0.536 0.472 0.500 0.500
0.501 0.501 0.622 1.000 0.481 0.536 0.472 0.500 0.500
0.501 0.501 0.622 1.000 0.482 0.536 0.472 0.500 0.500
0.500 0.500 0.621 1.000 0.483 0.536 0.472 0.500 0.500
0.500 0.501 0.622 1.000 0.483 0.536 0.472 0.500 0.500
0.500 0.502 0.621 1.000 0.484 0.536 0.472 0.500 0.500
0.501 0.503 0.621 1.000 0.484 0.536 0.472 0.500 0.500
0.502 0.503 0.621 1.000 0.484 0.536 0.472 0.500 0.500
0.501 0.503 0.621 1.000 0.484 0.536 0.472 0.500 0.500
0.499 0.503 0.621 1.000 0.484 0.511 0.464 0.500 0.500
0.499 0.503 0.621 1.000 0.483 0.511 0.464 0.500 0.500
0.500 0.504 0.620 1.000 0.484 0.500 0.500 0.468 0.500
0.499 0.504 0.620 1.000 0.485 0.500 0.500 0.306 0.489
0.500 0.504 0.620 1.000 0.486 0.500 0.500 0.252 0.460
0.500 0.502 0.617 1.000 0.482 0.524 0.500 0.500 0.500
0.501 0.502 0.617 1.000 0.482 0.536 0.497 0.500 0.500
0.500 0.502 0.617 1.000 0.481 0.536 0.497 0.500 0.500
0.499 0.500 0.616 1.000 0.482 0.536 0.497 0.500 0.500
0.500 0.501 0.616 1.000 0.481 0.536 0.497 0.500 0.500
0.500 0.502 0.616 1.000 0.480 0.511 0.497 0.500 0.500
0.501 0.501 0.616 1.000 0.481 0.500 0.497 0.500 0.500
0.502 0.504 0.616 1.000 0.480 0.500 0.497 0.500 0.500
0.502 0.505 0.616 1.000 0.479 0.500 0.497 0.500 0.500
0.501 0.505 0.616 1.000 0.479 0.500 0.497 0.500 0.500
0.500 0.504 0.616 1.000 0.480 0.500 0.497 0.500 0.500
0.500 0.504 0.616 1.000 0.481 0.500 0.497 0.500 0.500
0.500 0.505 0.616 1.000 0.482 0.500 0.497 0.500 0.500
0.501 0.504 0.616 1.000 0.481 0.500 0.497 0.500 0.500
0.500 0.502 0.616 1.000 0.481 0.500 0.497 0.500 0.500
0.500 0.502 0.616 1.000 0.482 0.500 0.476 0.500 0.500
0.500 0.503 0.616 1.000 0.481 0.500 0.476 0.500 0.500
0.500 0.503 0.616 1.000 0.482 0.500 0.476 0.500 0.500
0.500 0.502 0.616 1.000 0.482 0.500 0.476 0.500 0.500
0.500 0.502 0.616 1.000 0.482 0.500 0.476 0.500 0.500
0.500 0.502 0.616 1.000 0.482 0.500 0.476 0.500 0.500
0.500 0.502 0.616 1.000 0.481 0.500 0.476 0.500 0.500
0.500 0.503 0.616 1.000 0.479 0.500 0.476 0.500 0.500
0.500 0.504 0.616 1.000 0.479 0.503 0.476 0.500 0.500
0.500 0.503 0.616 0.999 0.479 0.503 0.476 0.500 0.500
0.499 0.503 0.616 1.000 0.478 0.503 0.476 0.500 0.500
0.498 0.503 0.616 0.999 0.477 0.503 0.497 0.500 0.500
0.497 0.501 0.616 0.999 0.477 0.503 0.500 0.500 0.500
0.497 0.502 0.616 0.999 0.477 0.528 0.500 0.500 0.500
0.498 0.503 0.616 0.999 0.475 0.561 0.500 0.500 0.500
0.498 0.501 0.616 0.999 0.476 0.561 0.500 0.500 0.500
0.498 0.500 0.616 0.999 0.476 0.561 0.500 0.500 0.500
0.498 0.500 0.616 0.999 0.477 0.561 0.500 0.500 0.500
0.499 0.500 0.616 0.999 0.477 0.561 0.500 0.500 0.500
0.499 0.501 0.617 0.999 0.477 0.561 0.500 0.500 0.500
0.499 0.502 0.616 0.999 0.476 0.561 0.500 0.500 0.500
0.497 0.504 0.617 0.999 0.468 0.500 0.500 0.500 0.619
0.496 0.503 0.617 0.999 0.468 0.500 0.500 0.500 0.648
0.497 0.502 0.617 1.000 0.481 0.500 0.500 0.500 0.740
0.499 0.503 0.615 1.000 0.490 0.500 0.500 0.364 0.500
0.500 0.504 0.615 1.000 0.490 0.500 0.500 0.306 0.500
0.499 0.504 0.615 1.000 0.489 0.500 0.500 0.252 0.500
0.499 0.504 0.614 1.000 0.488 0.500 0.500 0.231 0.500
0.498 0.504 0.614 1.000 0.488 0.500 0.500 0.352 0.500
0.498 0.503 0.611 1.000 0.489 0.500 0.500 0.310 0.500
0.499 0.503 0.610 1.000 0.490 0.500 0.500 0.231 0.500
0.499 0.504 0.610 1.000 0.490 0.500 0.500 0.227 0.500
0.499 0.504 0.609 1.000 0.489 0.500 0.500 0.227 0.500
0.498 0.503 0.608 1.000 0.491 0.500 0.500 0.339 0.500
0.499 0.504 0.607 1.000 0.491 0.500 0.500 0.389 0.500
0.501 0.504 0.601 1.000 0.493 0.500 0.426 0.500 0.500
0.500 0.504 0.601 1.000 0.494 0.500 0.426 0.500 0.500
0.502 0.504 0.601 1.000 0.495 0.500 0.426 0.500 0.500
0.504 0.504 0.601 1.000 0.495 0.500 0.426 0.500 0.500
0.504 0.505 0.600 1.000 0.496 0.500 0.464 0.500 0.500
0.497 0.504 0.600 1.000 0.496 0.500 0.519 0.500 0.500
0.497 0.505 0.600 1.000 0.494 0.500 0.519 0.500 0.500
0.499 0.505 0.599 1.000 0.496 0.500 0.500 0.493 0.500
0.498 0.505 0.599 1.000 0.496 0.500 0.500 0.443 0.500
0.499 0.505 0.599 1.000 0.495 0.500 0.500 0.335 0.500
0.500 0.506 0.599 1.000 0.498 0.500 0.500 0.297 0.500
0.500 0.506 0.599 1.000 0.497 0.500 0.500 0.297 0.500
0.500 0.505 0.598 1.000 0.496 0.500 0.500 0.297 0.500
0.500 0.504 0.598 1.000 0.495 0.500 0.500 0.297 0.500
0.499 0.505 0.597 1.000 0.494 0.500 0.500 0.347 0.500
0.499 0.504 0.596 1.000 0.493 0.500 0.500 0.352 0.500
0.499 0.505 0.596 1.000 0.492 0.500 0.500 0.352 0.500
0.499 0.504 0.594 1.000 0.492 0.500 0.500 0.352 0.500
0.500 0.504 0.594 1.000 0.493 0.500 0.500 0.360 0.500
0.500 0.504 0.593 1.000 0.494 0.500 0.500 0.389 0.500
0.501 0.505 0.590 1.000 0.492 0.500 0.497 0.500 0.500
0.501 0.505 0.590 1.000 0.492 0.500 0.497 0.497 0.500
0.501 0.505 0.589 1.000 0.493 0.500 0.497 0.460 0.500
0.500 0.504 0.589 1.000 0.493 0.500 0.489 0.439 0.500
0.500 0.505 0.589 1.000 0.493 0.500 0.489 0.439 0.500
0.500 0.505 0.589 1.000 0.492 0.500 0.489 0.500 0.500
0.501 0.505 0.589 1.000 0.493 0.500 0.489 0.500 0.500
0.501 0.505 0.589 1.000 0.492 0.500 0.489 0.500 0.500
0.502 0.505 0.588 1.000 0.492 0.500 0.476 0.468 0.500
0.503 0.505 0.588 1.000 0.491 0.500 0.431 0.460 0.500
0.502 0.504 0.588 1.000 0.491 0.500 0.418 0.460 0.500
0.503 0.504 0.588 1.000 0.490 0.500 0.418 0.460 0.500
0.503 0.504 0.588 1.000 0.491 0.500 0.418 0.460 0.500
0.502 0.504 0.588 1.000 0.491 0.500 0.443 0.460 0.500
0.502 0.505 0.588 1.000 0.491 0.500 0.476 0.460 0.500
0.501 0.505 0.588 1.000 0.491 0.500 0.500 0.352 0.500
0.498 0.505 0.587 1.000 0.492 0.500 0.500 0.327 0.500
0.497 0.505 0.587 1.000 0.491 0.500 0.500 0.352 0.500
0.497 0.504 0.587 1.000 0.491 0.500 0.500 0.364 0.500
0.498 0.504 0.586 1.000 0.490 0.500 0.500 0.364 0.500
0.499 0.504 0.586 1.000 0.489 0.500 0.500 0.364 0.500
0.498 0.504 0.585 1.000 0.490 0.500 0.500 0.364 0.500
0.499 0.504 0.584 1.000 0.490 0.500 0.500 0.364 0.500
0.499 0.504 0.584 1.000 0.490 0.500 0.500 0.364 0.500
0.499 0.504 0.583 1.000 0.488 0.500 0.500 0.364 0.500
0.500 0.505 0.582 1.000 0.487 0.500 0.500 0.364 0.500
0.500 0.505 0.582 1.000 0.487 0.500 0.500 0.364 0.500
0.500 0.505 0.581 1.000 0.486 0.500 0.500 0.364 0.500
0.499 0.506 0.579 1.000 0.484 0.489 0.500 0.500 0.500
0.500 0.505 0.579 1.000 0.485 0.489 0.500 0.500 0.500
0.500 0.505 0.578 1.000 0.484 0.489 0.500 0.500 0.500
0.500 0.506 0.578 1.000 0.483 0.476 0.500 0.500 0.500
0.500 0.505 0.577 1.000 0.482 0.476 0.500 0.500 0.500
0.500 0.506 0.577 1.000 0.481 0.468 0.500 0.500 0.500
0.500 0.507 0.577 1.000 0.479 0.451 0.500 0.500 0.500
0.500 0.507 0.577 0.999 0.478 0.431 0.500 0.500 0.500
0.499 0.508 0.577 0.999 0.478 0.431 0.500 0.500 0.500
0.499 0.507 0.577 1.000 0.479 0.431 0.500 0.500 0.500
0.499 0.506 0.577 1.000 0.479 0.406 0.500 0.500 0.500
0.501 0.503 0.577 0.999 0.474 0.500 0.439 0.500 0.500
0.501 0.505 0.577 0.999 0.474 0.500 0.406 0.500 0.500
0.499 0.504 0.577 0.999 0.473 0.500 0.500 0.456 0.500
0.498 0.505 0.577 0.999 0.471 0.500 0.500 0.439 0.500
0.500 0.505 0.576 0.999 0.469 0.500 0.500 0.485 0.500
0.501 0.505 0.576 0.999 0.468 0.500 0.500 0.485 0.500
0.500 0.505 0.576 0.999 0.467 0.500 0.500 0.481 0.500
0.500 0.505 0.576 0.999 0.466 0.500 0.500 0.439 0.500
0.501 0.505 0.575 0.999 0.463 0.476 0.500 0.500 0.500
0.500 0.506 0.575 0.999 0.462 0.443 0.500 0.500 0.500
0.502 0.505 0.575 0.999 0.461 0.500 0.451 0.500 0.500
0.502 0.505 0.575 0.998 0.461 0.500 0.431 0.500 0.500
0.503 0.505 0.575 0.999 0.462 0.500 0.431 0.500 0.500
0.500 0.506 0.574 0.999 0.463 0.500 0.500 0.500 0.752
0.500 0.506 0.574 0.999 0.465 0.500 0.500 0.500 0.732
0.499 0.507 0.573 1.000 0.490 0.443 0.500 0.500 0.500
0.500 0.507 0.573 1.000 0.489 0.426 0.500 0.500 0.500
0.500 0.504 0.573 1.000 0.492 0.500 0.500 0.497 0.500
0.500 0.504 0.573 1.000 0.493 0.500 0.500 0.339 0.500
0.500 0.505 0.573 1.000 0.494 0.500 0.500 0.339 0.500
0.500 0.505 0.573 1.000 0.494 0.500 0.500 0.468 0.500
0.500 0.506 0.572 1.000 0.496 0.500 0.500 0.481 0.500
0.500 0.505 0.572 1.000 0.497 0.500 0.500 0.273 0.500
0.500 0.505 0.571 1.000 0.499 0.500 0.500 0.231 0.500
0.500 0.506 0.571 1.000 0.498 0.500 0.500 0.406 0.500
0.501 0.506 0.570 1.000 0.499 0.500 0.500 0.447 0.500
0.500 0.506 0.570 1.000 0.499 0.500 0.500 0.339 0.500
0.501 0.506 0.569 1.000 0.500 0.500 0.500 0.310 0.500
0.500 0.506 0.568 1.000 0.500 0.500 0.500 0.310 0.500
0.500 0.505 0.567 1.000 0.501 0.500 0.500 0.352 0.500
0.500 0.505 0.567 1.000 0.504 0.500 0.500 0.310 0.500
0.500 0.506 0.566 1.000 0.504 0.500 0.500 0.306 0.500
0.500 0.506 0.565 1.000 0.504 0.500 0.500 0.306 0.500
0.500 0.505 0.564 1.000 0.504 0.500 0.500 0.306 0.500
0.500 0.506 0.562 1.000 0.504 0.500 0.500 0.443 0.500
0.501 0.506 0.561 1.000 0.504 0.500 0.500 0.497 0.500
0.499 0.506 0.558 1.000 0.508 0.476 0.500 0.500 0.500
0.499 0.506 0.558 1.000 0.509 0.468 0.500 0.500 0.500
0.499 0.507 0.557 1.000 0.508 0.489 0.500 0.500 0.500
0.499 0.507 0.557 1.000 0.508 0.489 0.500 0.500 0.500
0.499 0.507 0.557 1.000 0.508 0.489 0.500 0.500 0.500
0.499 0.507 0.556 1.000 0.509 0.481 0.500 0.500 0.500
0.499 0.507 0.556 1.000 0.509 0.481 0.500 0.500 0.500
0.499 0.508 0.556 1.000 0.508 0.481 0.500 0.500 0.500
0.499 0.509 0.556 1.000 0.509 0.464 0.500 0.500 0.500
0.499 0.509 0.556 1.000 0.510 0.439 0.500 0.500 0.500
0.499 0.509 0.556 1.000 0.512 0.464 0.500 0.500 0.500
0.499 0.506 0.556 1.000 0.514 0.439 0.500 0.500 0.500
0.499 0.506 0.556 1.000 0.516 0.431 0.500 0.500 0.500
0.499 0.508 0.556 1.000 0.516 0.481 0.500 0.500 0.500
0.498 0.506 0.556 1.000 0.515 0.451 0.500 0.500 0.500
0.498 0.506 0.556 1.000 0.515 0.418 0.500 0.500 0.500
0.498 0.507 0.556 1.000 0.515 0.402 0.500 0.500 0.500
0.498 0.508 0.556 1.000 0.516 0.402 0.500 0.500 0.500
0.498 0.509 0.556 1.000 0.516 0.493 0.500 0.500 0.500
0.498 0.506 0.556 1.000 0.515 0.468 0.500 0.500 0.500
0.498 0.505 0.556 1.000 0.517 0.414 0.500 0.500 0.500
0.498 0.505 0.556 1.000 0.517 0.406 0.500 0.500 0.500
0.498 0.504 0.556 1.000 0.521 0.500 0.500 0.500 0.377
0.498 0.505 0.556 1.000 0.521 0.500 0.500 0.500 0.410
0.498 0.506 0.556 1.000 0.512 0.500 0.500 0.500 0.439
0.498 0.506 0.556 1.000 0.511 0.500 0.500 0.472 0.335
0.498 0.506 0.556 1.000 0.508 0.500 0.500 0.497 0.460
0.498 0.506 0.556 1.000 0.498 0.500 0.500 0.485 0.447
0.497 0.506 0.556 1.000 0.498 0.500 0.500 0.481 0.439
0.497 0.506 0.556 1.000 0.496 0.500 0.500 0.497 0.464
0.497 0.506 0.556 1.000 0.491 0.439 0.528 0.500 0.500
0.497 0.506 0.556 1.000 0.490 0.439 0.544 0.500 0.500
0.497 0.507 0.556 1.000 0.491 0.439 0.544 0.500 0.500
0.496 0.507 0.556 1.000 0.491 0.439 0.544 0.500 0.500
0.496 0.507 0.556 1.000 0.490 0.439 0.544 0.500 0.500
0.496 0.507 0.556 1.000 0.489 0.439 0.544 0.500 0.500
0.496 0.507 0.556 1.000 0.490 0.431 0.628 0.500 0.500
0.497 0.506 0.556 1.000 0.490 0.431 0.628 0.500 0.500
0.495 0.506 0.556 1.000 0.490 0.493 0.603 0.500 0.500
0.498 0.504 0.556 1.000 0.488 0.500 0.500 0.426 0.500
0.499 0.505 0.556 1.000 0.486 0.500 0.500 0.372 0.500
0.498 0.505 0.556 1.000 0.486 0.500 0.500 0.372 0.500
0.498 0.505 0.556 1.000 0.487 0.500 0.500 0.372 0.500
0.498 0.505 0.556 1.000 0.486 0.500 0.500 0.497 0.500
0.498 0.505 0.555 1.000 0.487 0.500 0.519 0.500 0.500
0.498 0.504 0.555 1.000 0.487 0.500 0.532 0.500 0.500
0.498 0.505 0.555 1.000 0.488 0.500 0.532 0.500 0.500
0.497 0.504 0.554 1.000 0.489 0.500 0.532 0.500 0.500
0.497 0.505 0.554 1.000 0.489 0.500 0.565 0.500 0.500
0.497 0.505 0.554 1.000 0.490 0.500 0.698 0.500 0.500
0.497 0.505 0.554 1.000 0.489 0.500 0.557 0.500 0.500
0.499 0.506 0.554 1.000 0.491 0.500 0.500 0.500 0.611
0.499 0.506 0.554 1.000 0.491 0.500 0.500 0.500 0.673
0.499 0.507 0.554 1.000 0.505 0.443 0.500 0.500 0.500
0.499 0.507 0.554 1.000 0.505 0.439 0.500 0.500 0.500
0.499 0.508 0.554 1.000 0.506 0.481 0.500 0.500 0.500
0.500 0.506 0.554 1.000 0.499 0.481 0.500 0.500 0.500
0.500 0.506 0.554 1.000 0.499 0.481 0.500 0.500 0.500
0.500 0.507 0.553 1.000 0.497 0.489 0.500 0.500 0.500
0.500 0.507 0.553 1.000 0.497 0.456 0.500 0.500 0.500
0.500 0.507 0.553 1.000 0.497 0.451 0.500 0.500 0.500
0.500 0.505 0.553 1.000 0.497 0.481 0.500 0.500 0.500
0.501 0.506 0.553 1.000 0.495 0.489 0.489 0.500 0.500
0.501 0.507 0.553 1.000 0.495 0.500 0.472 0.500 0.500
0.501 0.506 0.553 1.000 0.496 0.500 0.439 0.500 0.500
0.501 0.506 0.553 1.000 0.496 0.402 0.285 0.500 0.500
0.502 0.506 0.553 1.000 0.496 0.464 0.302 0.500 0.500
0.499 0.506 0.552 1.000 0.489 0.481 0.500 0.500 0.500
0.500 0.506 0.552 1.000 0.488 0.406 0.500 0.500 0.500
0.500 0.507 0.552 1.000 0.489 0.406 0.500 0.500 0.500
0.500 0.504 0.551 1.000 0.493 0.500 0.500 0.460 0.500
0.499 0.505 0.551 1.000 0.494 0.500 0.500 0.360 0.500
0.499 0.505 0.550 1.000 0.496 0.500 0.500 0.389 0.500
0.498 0.505 0.550 1.000 0.498 0.500 0.500 0.310 0.500
0.499 0.505 0.550 1.000 0.498 0.500 0.500 0.306 0.500
0.499 0.506 0.549 1.000 0.498 0.500 0.500 0.306 0.500
0.499 0.505 0.549 1.000 0.498 0.500 0.500 0.347 0.500
0.499 0.505 0.548 1.000 0.499 0.500 0.500 0.347 0.500
0.499 0.505 0.547 1.000 0.498 0.500 0.500 0.347 0.500
0.499 0.505 0.546 1.000 0.498 0.500 0.500 0.372 0.500
0.499 0.505 0.545 1.000 0.498 0.500 0.500 0.385 0.500
0.499 0.505 0.544 1.000 0.500 0.500 0.500 0.414 0.500
0.499 0.505 0.543 1.000 0.499 0.500 0.500 0.414 0.500
0.499 0.504 0.543 1.000 0.499 0.500 0.500 0.414 0.500
0.499 0.505 0.548 0.501 0.497 0.500 0.500 0.393 0.500
0.499 0.505 0.547 0.500 0.500 0.500 0.500 0.393 0.500
0.498 0.504 0.542 0.499 0.497 0.500 0.553 0.500 0.500
0.498 0.504 0.542 0.498 0.497 0.500 0.553 0.500 0.500
0.500 0.503 0.536 1.000 0.513 0.515 0.500 0.500 0.500
0.500 0.502 0.534 1.000 0.509 0.703 0.500 0.500 0.500
0.501 0.502 0.534 1.000 0.508 0.615 0.500 0.500 0.500
0.502 0.504 0.534 1.000 0.507 0.500 0.418 0.500 0.500
0.502 0.504 0.534 1.000 0.507 0.500 0.406 0.500 0.500
0.503 0.504 0.533 1.000 0.507 0.500 0.406 0.500 0.500
0.503 0.504 0.533 1.000 0.505 0.500 0.472 0.500 0.500
0.503 0.503 0.533 1.000 0.505 0.500 0.485 0.500 0.500
0.502 0.503 0.533 1.000 0.504 0.500 0.485 0.500 0.500
0.501 0.503 0.533 1.000 0.502 0.500 0.485 0.500 0.500
0.501 0.503 0.533 1.000 0.501 0.574 0.406 0.500 0.500
0.501 0.502 0.533 1.000 0.501 0.500 0.456 0.500 0.500
0.500 0.503 0.536 0.500 0.500 0.557 0.500 0.500 0.500
0.500 0.503 0.536 0.499 0.500 0.524 0.500 0.500 0.500
0.501 0.503 0.536 0.500 0.504 0.515 0.500 0.500 0.500
0.501 0.503 0.536 0.500 0.503 0.586 0.500 0.500 0.500
0.501 0.502 0.536 0.502 0.502 0.536 0.500 0.500 0.500
0.501 0.503 0.535 0.498 0.502 0.524 0.500 0.500 0.500
0.501 0.503 0.535 0.499 0.502 0.698 0.500 0.500 0.500
0.501 0.502 0.535 0.500 0.499 0.728 0.500 0.500 0.500
0.501 0.500 0.534 0.499 0.479 0.503 0.500 0.500 0.500
0.501 0.502 0.528 1.000 0.518 0.549 0.500 0.500 0.500
0.502 0.502 0.530 0.500 0.487 0.599 0.500 0.500 0.500
0.501 0.501 0.528 1.000 0.518 0.500 0.500 0.481 0.500
0.492 0.502 0.673 0.994 0.576 0.500 0.940 0.500 0.500
0.495 0.502 0.672 0.993 0.582 0.500 0.628 0.500 0.500
0.493 0.501 0.672 0.993 0.583 0.500 0.902 0.500 0.500
0.502 0.503 0.673 0.993 0.584 0.500 0.500 0.500 0.426
0.501 0.501 0.673 0.993 0.586 0.500 0.500 0.599 0.000
0.500 0.500 0.673 0.993 0.583 0.500 0.500 0.503 0.347
0.495 0.502 0.674 0.997 0.555 0.500 0.578 0.500 0.500
0.494 0.503 0.674 0.997 0.555 0.511 0.628 0.500 0.500
0.491 0.502 0.674 0.997 0.554 0.500 0.628 0.500 0.500
0.500 0.501 0.675 0.997 0.554 0.500 0.500 0.500 0.377
0.498 0.501 0.675 0.997 0.554 0.500 0.500 0.500 0.364
0.497 0.502 0.675 0.997 0.549 0.500 0.500 0.500 0.277
0.498 0.502 0.675 0.998 0.541 0.500 0.500 0.500 0.422
0.496 0.503 0.676 0.999 0.526 0.500 0.500 0.500 0.231
0.497 0.503 0.676 0.999 0.526 0.500 0.500 0.500 0.256
0.497 0.505 0.677 1.000 0.507 0.669 0.952 0.500 0.500
0.496 0.504 0.676 0.999 0.507 0.557 0.748 0.500 0.500
0.499 0.504 0.675 0.999 0.510 0.500 0.500 0.500 0.460
0.498 0.503 0.677 1.000 0.513 0.500 0.500 0.500 0.435
0.499 0.505 0.676 0.999 0.510 0.500 0.500 0.500 0.389
0.497 0.506 0.678 0.999 0.503 0.500 0.500 0.500 0.464
0.498 0.504 0.676 0.998 0.501 0.500 0.439 0.500 0.500
0.499 0.505 0.676 0.999 0.497 0.500 0.500 0.189 0.500
0.498 0.504 0.675 0.998 0.498 0.500 0.500 0.000 0.500
0.498 0.505 0.676 0.999 0.498 0.500 0.500 0.000 0.500
0.498 0.504 0.678 0.999 0.496 0.500 0.500 0.015 0.500
0.500 0.504 0.676 0.998 0.496 0.500 0.500 0.177 0.500
0.502 0.504 0.676 1.000 0.494 0.500 0.500 0.000 0.500
0.499 0.506 0.673 0.999 0.496 0.500 0.500 0.000 0.500
0.499 0.507 0.674 0.999 0.498 0.500 0.500 0.000 0.500
0.501 0.506 0.672 1.000 0.500 0.500 0.500 0.000 0.500
0.500 0.505 0.669 0.998 0.499 0.500 0.500 0.000 0.500
0.500 0.505 0.668 0.998 0.498 0.500 0.500 0.000 0.500
0.500 0.506 0.667 0.999 0.499 0.500 0.500 0.000 0.500
0.500 0.506 0.667 0.999 0.498 0.500 0.500 0.000 0.500
0.501 0.505 0.665 1.000 0.500 0.426 0.439 0.000 0.500
0.500 0.507 0.664 0.999 0.497 0.206 0.347 0.000 0.500
0.503 0.510 0.662 1.000 0.499 0.500 0.500 0.000 0.500
0.508 0.521 0.658 0.996 0.494 0.500 0.500 0.000 0.500
0.500 0.506 0.658 1.000 0.500 0.500 0.500 0.000 0.500
0.498 0.499 0.658 1.000 0.497 0.500 0.500 0.119 0.500
0.497 0.498 0.654 0.999 0.498 0.544 0.500 0.500 0.500
0.498 0.505 0.650 1.000 0.493 0.500 0.500 0.000 0.500
0.499 0.504 0.649 1.000 0.493 0.500 0.500 0.000 0.500
0.497 0.505 0.649 1.000 0.495 0.500 0.500 0.000 0.500
0.499 0.503 0.648 0.999 0.495 0.500 0.500 0.000 0.500
0.498 0.502 0.648 0.999 0.495 0.500 0.500 0.000 0.500
0.498 0.504 0.646 0.999 0.497 0.500 0.500 0.000 0.497
0.498 0.504 0.645 0.999 0.496 0.500 0.500 0.000 0.497
0.498 0.506 0.645 1.000 0.496 0.500 0.500 0.000 0.489
0.501 0.506 0.642 1.000 0.499 0.500 0.500 0.000 0.489
0.501 0.505 0.641 1.000 0.499 0.443 0.464 0.000 0.489
0.501 0.506 0.640 1.000 0.500 0.500 0.500 0.019 0.489
0.501 0.506 0.639 0.999 0.498 0.500 0.500 0.214 0.489
0.499 0.506 0.635 1.000 0.499 0.500 0.431 0.500 0.500
0.499 0.505 0.633 1.000 0.500 0.406 0.368 0.500 0.500
0.500 0.505 0.632 0.999 0.503 0.500 0.402 0.500 0.500
0.498 0.504 0.631 1.000 0.505 0.500 0.500 0.000 0.489
0.498 0.505 0.631 1.000 0.505 0.500 0.500 0.000 0.485
0.500 0.507 0.631 1.000 0.502 0.500 0.500 0.000 0.485
0.500 0.507 0.630 1.000 0.503 0.500 0.500 0.000 0.485
0.500 0.507 0.630 1.000 0.503 0.500 0.500 0.000 0.485
0.500 0.507 0.628 0.999 0.505 0.500 0.500 0.000 0.476
0.500 0.505 0.628 1.000 0.504 0.500 0.500 0.000 0.464
0.499 0.506 0.626 1.000 0.503 0.500 0.500 0.000 0.451
0.500 0.505 0.625 1.000 0.502 0.500 0.500 0.000 0.451
0.501 0.505 0.624 1.000 0.499 0.500 0.500 0.000 0.402
0.500 0.507 0.622 1.000 0.497 0.500 0.500 0.000 0.385
0.500 0.506 0.621 1.000 0.491 0.500 0.500 0.000 0.385
0.500 0.506 0.620 1.000 0.485 0.500 0.500 0.000 0.385
0.500 0.507 0.618 1.000 0.479 0.500 0.500 0.000 0.385
0.499 0.508 0.612 0.999 0.470 0.464 0.500 0.500 0.500
0.500 0.508 0.611 0.999 0.471 0.152 0.500 0.500 0.500
0.499 0.511 0.611 0.999 0.472 0.402 0.497 0.500 0.500
0.502 0.505 0.610 0.999 0.474 0.500 0.264 0.500 0.500
0.498 0.503 0.610 0.999 0.474 0.500 0.500 0.500 0.640
0.497 0.505 0.610 0.999 0.476 0.500 0.500 0.500 0.773
0.498 0.505 0.610 0.999 0.497 0.500 0.500 0.318 0.500
0.499 0.505 0.611 1.000 0.497 0.500 0.500 0.000 0.500
0.499 0.504 0.610 1.000 0.498 0.500 0.500 0.000 0.500
0.499 0.503 0.610 1.000 0.496 0.500 0.500 0.000 0.500
0.499 0.505 0.610 1.000 0.498 0.500 0.500 0.000 0.500
0.499 0.505 0.608 1.000 0.500 0.500 0.500 0.000 0.500
0.499 0.505 0.608 1.000 0.498 0.500 0.500 0.000 0.500
0.499 0.504 0.607 1.000 0.500 0.500 0.500 0.000 0.500
0.498 0.504 0.605 1.000 0.500 0.500 0.500 0.000 0.500
0.498 0.503 0.604 1.000 0.501 0.500 0.500 0.000 0.500
0.497 0.502 0.603 1.000 0.500 0.500 0.500 0.000 0.500
0.498 0.502 0.601 1.000 0.500 0.500 0.500 0.000 0.500
0.498 0.503 0.599 1.000 0.500 0.500 0.500 0.000 0.500
0.497 0.503 0.598 1.000 0.499 0.511 0.500 0.000 0.500
0.499 0.504 0.597 1.000 0.499 0.511 0.500 0.000 0.500
0.498 0.503 0.595 1.000 0.500 0.515 0.507 0.000 0.500
0.497 0.503 0.594 1.000 0.502 0.500 0.500 0.000 0.500
0.497 0.504 0.592 1.000 0.502 0.500 0.500 0.000 0.500
0.497 0.504 0.591 1.000 0.503 0.500 0.500 0.000 0.500
0.498 0.504 0.590 1.000 0.505 0.500 0.500 0.000 0.500
0.498 0.504 0.588 1.000 0.506 0.500 0.500 0.148 0.500
0.496 0.503 0.579 1.000 0.510 0.500 0.500 0.152 0.500
0.497 0.503 0.579 1.000 0.511 0.500 0.500 0.000 0.500
0.497 0.503 0.579 1.000 0.510 0.500 0.500 0.000 0.500
0.497 0.503 0.579 1.000 0.509 0.500 0.500 0.000 0.500
0.496 0.503 0.578 1.000 0.509 0.500 0.515 0.000 0.497
0.496 0.503 0.577 1.000 0.509 0.500 0.628 0.000 0.472
0.495 0.503 0.576 1.000 0.510 0.500 0.500 0.000 0.472
0.492 0.502 0.574 1.000 0.508 0.500 0.500 0.310 0.472
0.496 0.502 0.569 1.000 0.503 0.544 0.500 0.500 0.500
0.496 0.502 0.569 1.000 0.502 0.748 0.661 0.500 0.500
0.498 0.506 0.567 1.000 0.500 0.500 0.500 0.402 0.599
0.498 0.505 0.567 1.000 0.500 0.500 0.500 0.206 0.544
0.497 0.505 0.565 1.000 0.509 0.500 0.807 0.500 0.500
0.499 0.504 0.564 1.000 0.505 0.500 0.500 0.000 0.414
0.499 0.504 0.564 1.000 0.506 0.500 0.500 0.000 0.389
0.498 0.503 0.563 1.000 0.503 0.500 0.500 0.000 0.389
0.498 0.504 0.563 1.000 0.496 0.500 0.500 0.000 0.389
0.498 0.503 0.562 1.000 0.490 0.500 0.500 0.540 0.500
0.497 0.503 0.560 1.000 0.484 0.686 0.500 0.500 0.500
0.497 0.503 0.560 1.000 0.484 0.500 0.528 0.500 0.500
0.497 0.504 0.558 1.000 0.483 0.561 0.628 0.500 0.500
0.497 0.505 0.558 1.000 0.486 0.500 0.603 0.500 0.500
0.498 0.505 0.558 1.000 0.486 0.500 0.640 0.500 0.500
0.498 0.504 0.558 1.000 0.479 0.500 0.636 0.500 0.500
0.498 0.504 0.558 1.000 0.479 0.500 0.507 0.500 0.500
0.499 0.504 0.558 1.000 0.478 0.544 0.519 0.500 0.500
0.499 0.503 0.558 0.999 0.477 0.640 0.611 0.500 0.500
0.499 0.505 0.558 0.999 0.474 0.549 0.507 0.500 0.500
0.497 0.505 0.558 0.999 0.471 0.511 0.503 0.500 0.500
0.497 0.504 0.558 0.999 0.471 0.561 0.540 0.500 0.500
0.497 0.504 0.558 0.999 0.470 0.561 0.565 0.500 0.500
0.496 0.502 0.558 0.999 0.468 0.561 0.590 0.500 0.500
0.496 0.502 0.558 0.999 0.468 0.544 0.594 0.500 0.500
0.496 0.503 0.558 0.999 0.467 0.544 0.594 0.500 0.500
0.496 0.503 0.558 0.999 0.465 0.544 0.594 0.500 0.500
0.497 0.503 0.558 0.999 0.465 0.500 0.553 0.500 0.500
0.501 0.505 0.559 0.999 0.464 0.500 0.500 0.500 0.761
0.500 0.505 0.559 0.999 0.463 0.500 0.500 0.500 0.611
0.499 0.503 0.559 1.000 0.479 0.500 0.500 0.500 0.553
0.498 0.504 0.559 1.000 0.480 0.500 0.500 0.500 0.553
0.498 0.503 0.559 1.000 0.490 0.500 0.557 0.500 0.500
0.499 0.503 0.559 1.000 0.491 0.503 0.640 0.500 0.500
0.497 0.504 0.559 1.000 0.491 0.500 0.532 0.500 0.500
0.500 0.503 0.559 1.000 0.496 0.561 0.500 0.500 0.500
0.500 0.502 0.559 1.000 0.497 0.582 0.500 0.500 0.500
0.500 0.502 0.559 1.000 0.499 0.582 0.500 0.500 0.500
0.499 0.505 0.559 1.000 0.502 0.500 0.500 0.485 0.500
0.499 0.505 0.559 1.000 0.503 0.500 0.500 0.000 0.500
0.499 0.506 0.559 1.000 0.503 0.500 0.500 0.000 0.500
0.499 0.506 0.559 1.000 0.503 0.500 0.500 0.000 0.500
0.499 0.505 0.559 1.000 0.504 0.500 0.500 0.000 0.500
0.499 0.505 0.558 1.000 0.505 0.500 0.500 0.000 0.500
0.498 0.505 0.552 1.000 0.512 0.500 0.615 0.500 0.500
0.498 0.505 0.551 1.000 0.521 0.500 0.553 0.500 0.500
0.497 0.505 0.551 1.000 0.522 0.500 0.603 0.500 0.500
0.496 0.504 0.551 0.999 0.522 0.500 0.582 0.500 0.500
0.499 0.504 0.551 0.999 0.524 0.500 0.500 0.500 0.277
0.499 0.504 0.551 0.999 0.523 0.500 0.500 0.500 0.447
0.499 0.503 0.551 1.000 0.509 0.536 0.500 0.500 0.500
0.499 0.504 0.551 1.000 0.510 0.761 0.544 0.500 0.500
0.498 0.505 0.550 1.000 0.512 0.500 0.503 0.500 0.500
0.498 0.505 0.550 1.000 0.512 0.500 0.507 0.500 0.500
0.498 0.505 0.550 1.000 0.513 0.500 0.594 0.500 0.500
0.497 0.504 0.550 1.000 0.512 0.500 0.603 0.500 0.500
0.496 0.504 0.550 1.000 0.512 0.500 0.557 0.500 0.500
0.499 0.504 0.550 1.000 0.515 0.500 0.500 0.500 0.426
0.499 0.504 0.549 1.000 0.515 0.500 0.500 0.500 0.335
0.499 0.504 0.549 1.000 0.511 0.500 0.500 0.500 0.389
0.498 0.504 0.549 1.000 0.497 0.574 0.528 0.500 0.500
0.498 0.504 0.549 1.000 0.497 0.574 0.532 0.500 0.500
0.499 0.505 0.549 1.000 0.494 0.500 0.500 0.306 0.500
0.499 0.505 0.549 1.000 0.494 0.500 0.500 0.000 0.500
0.499 0.505 0.549 1.000 0.494 0.500 0.500 0.000 0.500
0.499 0.506 0.549 1.000 0.494 0.500 0.500 0.000 0.500
0.500 0.506 0.545 1.000 0.491 0.356 0.500 0.500 0.500
0.500 0.506 0.543 1.000 0.488 0.493 0.500 0.500 0.500
0.501 0.506 0.543 1.000 0.489 0.443 0.500 0.500 0.500
0.501 0.507 0.543 1.000 0.488 0.281 0.500 0.500 0.500
0.501 0.508 0.543 1.000 0.489 0.426 0.500 0.500 0.500
0.502 0.505 0.543 1.000 0.482 0.500 0.443 0.500 0.500
0.502 0.505 0.543 1.000 0.482 0.500 0.302 0.500 0.500
0.500 0.506 0.543 1.000 0.479 0.500 0.500 0.500 0.599
0.500 0.506 0.543 1.000 0.479 0.500 0.500 0.360 0.819
0.500 0.508 0.548 0.503 0.502 0.306 0.500 0.500 0.500
0.499 0.508 0.548 0.497 0.503 0.439 0.500 0.500 0.500
0.499 0.507 0.548 0.502 0.499 0.500 0.519 0.500 0.500
0.499 0.506 0.542 1.000 0.492 0.500 0.519 0.500 0.500
0.498 0.507 0.548 0.499 0.501 0.500 0.532 0.500 0.500
0.498 0.507 0.548 0.499 0.499 0.500 0.544 0.500 0.500
0.498 0.508 0.548 0.497 0.501 0.500 0.515 0.500 0.500
0.499 0.507 0.542 1.000 0.489 0.468 0.500 0.500 0.500
0.498 0.509 0.549 0.500 0.503 0.293 0.500 0.500 0.500
0.498 0.506 0.543 1.000 0.484 0.500 0.500 0.000 0.500
0.498 0.507 0.543 1.000 0.483 0.500 0.500 0.000 0.500
0.498 0.506 0.542 1.000 0.483 0.500 0.500 0.135 0.451
0.497 0.507 0.546 0.498 0.499 0.489 0.557 0.500 0.500
0.498 0.508 0.545 0.502 0.501 0.476 0.565 0.500 0.500
0.498 0.507 0.544 0.504 0.499 0.489 0.500 0.500 0.500
0.498 0.505 0.538 0.999 0.478 0.481 0.500 0.500 0.500
0.498 0.505 0.538 0.999 0.478 0.285 0.500 0.500 0.500
0.498 0.505 0.538 1.000 0.479 0.464 0.500 0.500 0.500
0.498 0.506 0.538 1.000 0.481 0.500 0.500 0.485 0.990
0.499 0.506 0.538 1.000 0.484 0.500 0.500 0.500 0.782
0.498 0.505 0.538 1.000 0.518 0.500 0.500 0.500 0.277
0.499 0.505 0.538 1.000 0.517 0.500 0.500 0.500 0.360
0.498 0.506 0.538 1.000 0.500 0.402 0.500 0.500 0.500
0.498 0.506 0.538 1.000 0.501 0.402 0.500 0.500 0.500
0.499 0.504 0.538 1.000 0.501 0.443 0.500 0.500 0.500
0.498 0.505 0.537 1.000 0.501 0.500 0.594 0.500 0.500
0.498 0.505 0.537 1.000 0.501 0.500 0.594 0.500 0.500
0.500 0.505 0.537 1.000 0.502 0.500 0.500 0.418 0.500
0.500 0.505 0.537 1.000 0.503 0.500 0.500 0.000 0.364
0.500 0.505 0.537 1.000 0.504 0.500 0.500 0.000 0.360
0.499 0.505 0.537 1.000 0.497 0.500 0.500 0.000 0.360
0.499 0.505 0.536 1.000 0.490 0.500 0.500 0.000 0.360
